##NAMES=Axinite-(Fe)
##RRUFFID=R060194
##IDEAL CHEMISTRY=Ca_4_Fe^2+^_2_Al_4_[B_2_Si_8_O_30_](OH)_2_
##LOCALITY=near Dalbandi, Baluchistan Province, Pakistan
##OWNER=RRUFF
##SOURCE=Herbert Obodda
##DESCRIPTION=Brown transparent wedge-shaped single crystal
##STATUS=The identification of this mineral has been confirmed by X-ray diffraction and chemical analysis
##URL=rruff.info/R060194
##MEASURED CHEMISTRY=Ca_2.00_(Fe^2+^_0.66_Mg_0.30_Mn_0.04_)Al_2.00_BSi_4.00_O_15_(OH)
##PIN_ID=L00599
##ORIENTATION=Laser parallel to (0 -1 -1). Fiducial mark perpendicular to laser is parallel to a [1 0 0]
53.91000, 0.0000000E+00
55.14900, 46.56183
56.38700, 104.5038
57.62600, 178.1017
58.86400, 211.1151
60.10300, 346.7170
61.34100, 289.7112
62.57900, 152.3516
63.81700, 36.58740
65.05400, 9.999878
66.29200, 94.81824
67.52900, 59.25317
68.76700, 6.728027
70.00400, 249.3505
71.24100, 364.6140
72.47700, 292.7382
73.71400, 276.4332
74.95100, 401.4197
76.18700, 406.4653
77.42300, 391.6343
78.65900, 242.7480
79.89500, 176.5342
81.13100, 219.7668
82.36700, 349.2595
83.60200, 489.8550
84.83700, 744.4192
86.07200, 826.8372
87.30800, 870.0107
88.54200, 1147.855
89.77700, 1473.299
91.01200, 2005.280
92.24600, 2598.695
93.48000, 3456.428
94.71400, 4263.373
95.94800, 5569.442
97.18200, 7252.577
98.41600, 9282.618
99.64900, 11863.13
100.8830, 14664.96
102.1160, 17122.44
103.3490, 19924.55
104.5820, 23230.29
105.8150, 27945.69
107.0470, 32400.72
108.2800, 37468.37
109.5120, 38854.68
110.7440, 36044.61
111.9760, 32047.18
113.2080, 27701.38
114.4400, 22669.21
115.6710, 16977.65
116.9030, 12385.73
118.1340, 8972.425
119.3650, 6635.731
120.5960, 4986.652
121.8270, 3839.204
123.0580, 3140.402
124.2880, 2708.242
125.5190, 2234.717
126.7490, 1957.819
127.9790, 1684.421
129.2090, 1874.148
130.4390, 1796.983
131.6680, 2029.911
132.8980, 2215.924
134.1270, 2552.987
135.3560, 3004.161
136.5850, 3699.564
137.8140, 4523.223
139.0430, 5513.157
140.2710, 6211.385
141.5000, 6827.928
142.7280, 6806.749
143.9560, 6738.088
145.1840, 6189.879
146.4120, 5861.004
147.6390, 5449.762
148.8670, 5136.933
150.0940, 5119.520
151.3210, 5146.525
152.5490, 5431.944
153.7750, 5642.781
155.0020, 5910.035
156.2290, 6272.702
157.4550, 6611.782
158.6810, 6820.277
159.9080, 7123.185
161.1340, 7426.504
162.3590, 7764.232
163.5850, 8069.377
164.8110, 8877.930
166.0360, 9890.893
167.2610, 10946.26
168.4860, 12164.03
169.7110, 13324.20
170.9360, 14236.77
172.1610, 14921.74
173.3850, 14894.09
174.6100, 14121.82
175.8340, 12758.92
177.0580, 11150.40
178.2820, 9490.257
179.5050, 7402.480
180.7290, 5809.073
181.9520, 4531.032
183.1760, 3349.356
184.3990, 2683.043
185.6220, 2336.116
186.8450, 2214.728
188.0670, 2272.015
189.2900, 2278.067
190.5120, 2855.732
191.7340, 3629.764
192.9560, 4331.120
194.1780, 4909.799
195.4000, 5665.796
196.6220, 6346.108
197.8430, 7198.736
199.0640, 7912.678
200.2860, 8915.925
201.5070, 10149.04
202.7270, 11635.82
203.9480, 13198.41
205.1690, 14732.92
206.3890, 15675.10
207.6090, 16163.02
208.8290, 16107.36
210.0490, 15346.61
211.2690, 14412.82
212.4890, 12754.43
213.7080, 11159.53
214.9280, 9368.722
216.1470, 7689.754
217.3660, 6292.419
218.5850, 4940.598
219.8030, 3743.271
221.0220, 2773.423
222.2400, 1943.039
223.4590, 1331.103
224.6770, 784.6094
225.8950, 329.5522
227.1120, 73.21240
228.3300, 284.8301
229.5480, 446.9365
230.7650, 628.0283
231.9820, 668.6909
233.1990, 656.8765
234.4160, 622.1523
235.6330, 395.7983
236.8490, 174.0361
238.0660, 169.1528
239.2820, 666.7427
240.4980, 1246.696
241.7140, 2005.979
242.9300, 2615.572
244.1460, 3295.473
245.3610, 3842.672
246.5770, 4563.152
247.7920, 4980.910
249.0070, 5467.941
250.2220, 5776.244
251.4370, 6339.817
252.6510, 6781.654
253.8660, 7570.756
255.0800, 8052.121
256.2940, 8658.744
257.5080, 9121.621
258.7220, 10013.75
259.9360, 11129.14
261.1490, 11672.77
262.3630, 12150.65
263.5760, 13222.79
264.7890, 15100.20
266.0020, 17083.88
267.2150, 19051.87
268.4270, 21489.13
269.6400, 23658.67
270.8520, 25697.47
272.0640, 27031.53
273.2760, 27577.81
274.4880, 27784.31
275.7000, 26849.04
276.9120, 25563.98
278.1230, 23279.14
279.3340, 20972.53
280.5450, 18435.14
281.7560, 15908.97
282.9670, 13811.02
284.1780, 12011.28
285.3880, 10809.77
286.5980, 9963.476
287.8090, 9708.349
289.0190, 9568.257
290.2290, 9774.149
291.4380, 10266.09
292.6480, 10982.24
293.8570, 12094.60
295.0670, 13167.17
296.2760, 14734.96
297.4850, 16328.96
298.6930, 18120.17
299.9020, 19490.58
301.1110, 21031.21
302.3190, 22458.04
303.5270, 23559.07
304.7350, 24818.30
305.9430, 25413.73
307.1510, 25281.36
308.3580, 24558.19
309.5660, 22841.21
310.7730, 20093.42
311.9800, 16773.83
313.1870, 13769.42
314.3940, 10785.21
315.6010, 8365.473
316.8070, 6573.959
318.0130, 5413.930
319.2200, 4541.057
320.4260, 4262.554
321.6310, 4168.570
322.8370, 4704.358
324.0430, 4349.170
325.2480, 3658.426
326.4540, 4639.973
327.6590, 6161.682
328.8640, 6335.557
330.0680, 6162.592
331.2730, 6381.788
332.4780, 5369.141
333.6820, 4699.648
334.8860, 4209.305
336.0900, 3954.113
337.2940, 3970.065
338.4980, 4479.165
339.7010, 5083.406
340.9050, 6364.792
342.1080, 8152.315
343.3110, 10319.99
344.5140, 12469.81
345.7170, 14526.83
346.9200, 16489.14
348.1220, 18593.74
349.3240, 20884.65
350.5270, 22881.89
351.7290, 24272.43
352.9310, 24442.29
354.1320, 23324.42
355.3340, 21143.80
356.5350, 17998.41
357.7370, 14620.23
358.9380, 11333.26
360.1390, 8380.498
361.3400, 6093.907
362.5400, 4323.498
363.7410, 2762.264
364.9410, 1937.203
366.1410, 1240.313
367.3410, 781.5923
368.5410, 357.7817
369.7410, 135.8945
370.9400, 37.03516
372.1400, 183.4478
373.3390, 184.4556
374.5380, 169.8047
375.7370, 54.36377
376.9360, 261.0225
378.1350, 539.1494
379.3330, 1108.834
380.5310, 1768.420
381.7300, 2639.131
382.9280, 3818.515
384.1260, 5152.571
385.3230, 6725.241
386.5210, 8374.884
387.7180, 10255.66
388.9160, 12521.55
390.1130, 13997.57
391.3100, 14618.71
392.5060, 14388.97
393.7030, 12957.36
394.9000, 11264.86
396.0960, 9327.471
397.2920, 7467.202
398.4880, 6023.043
399.6840, 4832.000
400.8800, 4283.064
402.0750, 3840.240
403.2710, 3777.522
404.4660, 4009.911
405.6610, 4310.600
406.8560, 5052.386
408.0510, 6406.437
409.2450, 8242.208
410.4400, 10620.87
411.6340, 13519.19
412.8280, 17042.63
414.0220, 21503.97
415.2160, 27345.43
416.4100, 32878.19
417.6030, 36831.64
418.7970, 37365.21
419.9900, 35861.86
421.1830, 33206.57
422.3760, 29020.39
423.5690, 24967.29
424.7610, 21782.28
425.9540, 19923.34
427.1460, 18692.49
428.3380, 18265.72
429.5300, 17526.02
430.7220, 16285.41
431.9140, 14524.87
433.1050, 12536.40
434.2970, 10548.02
435.4880, 8775.703
436.6790, 7323.463
437.8700, 6302.295
439.0610, 5916.197
440.2510, 5984.172
441.4420, 6481.214
442.6320, 7339.322
443.8220, 8317.497
445.0120, 8768.735
446.2020, 8687.039
447.3910, 7982.404
448.5810, 6764.828
449.7700, 5228.314
450.9600, 3865.856
452.1490, 2619.457
453.3370, 1712.113
454.5260, 895.8232
455.7150, 571.5874
456.9030, 165.4028
458.0910, 84.73047
459.2800, 174.8608
460.4670, 263.0234
461.6550, 339.2578
462.8430, 379.5986
464.0300, 456.0669
465.2180, 408.6997
466.4050, 268.4785
467.5920, 149.3418
468.7790, 78.75684
469.9650, 412.8955
471.1520, 761.0713
472.3380, 1328.285
473.5250, 2060.534
474.7110, 3044.818
475.8970, 4500.136
477.0820, 5994.488
478.2680, 7959.868
479.4540, 10285.29
480.6390, 12780.73
481.8240, 15774.20
483.0090, 18936.70
484.1940, 22085.22
485.3780, 23793.09
486.5630, 23155.27
487.7470, 20769.91
488.9320, 17352.38
490.1160, 13651.57
491.3000, 9982.050
492.4830, 6855.203
493.6670, 4778.810
494.8500, 3301.858
496.0340, 2299.612
497.2170, 1667.532
498.4000, 1199.291
499.5820, 860.8911
500.7650, 807.8452
501.9480, 680.5386
503.1300, 519.2266
504.3120, 586.9087
505.4940, 472.5840
506.6760, 470.2510
507.8580, 430.9082
509.0390, 212.5552
510.2210, 158.1890
511.4020, 100.7969
512.5830, 35.41016
513.7640, 154.3721
514.9450, 190.1362
516.1250, 273.1367
517.3060, 261.3584
518.4860, 312.2583
519.6660, 312.3721
520.8460, 262.3535
522.0260, 255.8848
523.2060, 267.1167
524.3850, 131.0405
525.5650, 1.128418
526.7440, 151.6733
527.9230, 387.4219
529.1020, 490.1411
530.2810, 681.8291
531.4590, 1017.487
532.6380, 1184.114
533.8160, 1408.707
534.9940, 1579.268
536.1720, 1625.793
537.3500, 1646.284
538.5270, 1440.738
539.7050, 1197.155
540.8820, 1176.535
542.0590, 786.8765
543.2360, 775.1787
544.4130, 661.4409
545.5900, 413.6616
546.7660, 340.8413
547.9430, 158.9829
549.1190, 191.0957
550.2950, 25.19482
551.4710, 20.74805
552.6470, 42.25977
553.8220, 65.21924
554.9980, 72.16797
556.1730, 125.0986
557.3480, 366.0054
558.5230, 627.9424
559.6980, 751.8955
560.8730, 1068.843
562.0470, 1415.764
563.2220, 1771.651
564.3960, 2189.487
565.5700, 2851.271
566.7440, 3497.001
567.9170, 4206.676
569.0910, 5159.297
570.2640, 5831.859
571.4380, 6842.366
572.6110, 7550.816
573.7840, 8273.208
574.9570, 8383.541
576.1290, 8259.815
577.3020, 8275.029
578.4740, 7896.184
579.6460, 7685.277
580.8180, 7656.310
581.9900, 7943.279
583.1620, 8582.187
584.3330, 9572.025
585.5040, 10772.81
586.6760, 12035.52
587.8470, 13486.18
589.0180, 14526.76
590.1880, 14900.28
591.3590, 14500.73
592.5290, 13818.11
593.7000, 11975.43
594.8700, 10399.68
596.0400, 8612.863
597.2090, 6804.974
598.3790, 5489.018
599.5490, 4316.693
600.7180, 3533.261
601.8870, 2825.457
603.0560, 2397.610
604.2250, 2072.500
605.3940, 1771.979
606.5620, 1547.790
607.7300, 1556.684
608.8990, 1435.235
610.0670, 1407.597
611.2350, 1586.893
612.4020, 1543.124
613.5700, 1716.287
614.7370, 1743.383
615.9050, 1670.413
617.0720, 1550.375
618.2390, 1620.269
619.4060, 1511.095
620.5720, 1353.852
621.7390, 1140.541
622.9050, 933.1602
624.0710, 633.7100
625.2370, 527.1904
626.4030, 280.5967
627.5690, 1.101563
628.7340, 76.99902
629.9000, 135.1372
631.0650, 170.5474
632.2300, 244.2476
633.3950, 139.2783
634.5600, 193.5835
635.7240, 29.19189
636.8890, 53.98145
638.0530, 228.9795
639.2170, 395.8574
640.3810, 557.6455
641.5450, 757.3584
642.7080, 985.9990
643.8720, 973.5679
645.0350, 1137.064
646.1980, 1151.489
647.3610, 1068.842
648.5240, 902.1230
649.6870, 758.3320
650.8490, 666.7251
652.0120, 564.2876
653.1740, 349.9849
654.3360, 233.4688
655.4980, 185.5264
656.6600, 63.85986
657.8210, 68.89209
658.9830, 230.0254
660.1440, 261.2578
661.3050, 311.1919
662.4660, 524.4170
663.6270, 651.0889
664.7870, 968.1777
665.9480, 1434.585
667.1080, 1841.370
668.2680, 2593.245
669.4280, 3193.061
670.5880, 4128.815
671.7480, 5141.509
672.9070, 6332.144
674.0670, 7377.719
675.2260, 8377.234
676.3850, 9034.689
677.5440, 9402.089
678.7030, 9045.429
679.8610, 8602.709
681.0200, 7409.931
682.1780, 6413.094
683.3360, 5421.199
684.4940, 4399.248
685.6520, 3771.240
686.8090, 3201.208
687.9670, 2892.976
689.1240, 2719.550
690.2810, 2607.277
691.4380, 2672.936
692.5950, 2732.580
693.7520, 3138.850
694.9080, 3670.161
696.0650, 3982.272
697.2210, 4802.395
698.3770, 5785.927
699.5330, 6849.712
700.6880, 8244.621
701.8440, 10024.81
702.9990, 12300.10
704.1550, 15327.14
705.3100, 18912.13
706.4650, 23369.05
707.6190, 28487.92
708.7740, 34373.72
709.9290, 40338.48
711.0830, 46752.16
712.2370, 51927.79
713.3910, 55470.37
714.5450, 56841.88
715.6980, 55411.34
716.8520, 51890.75
718.0050, 46736.10
719.1580, 39934.38
720.3110, 33415.62
721.4640, 27556.80
722.6170, 22231.93
723.7700, 18174.01
724.9220, 14654.03
726.0740, 12205.00
727.2260, 10266.92
728.3780, 8479.791
729.5300, 7186.610
730.6810, 6086.375
731.8330, 5307.093
732.9840, 4534.760
734.1350, 4001.380
735.2860, 3461.950
736.4370, 2973.474
737.5880, 2706.951
738.7380, 2364.404
739.8880, 2134.853
741.0390, 1903.315
742.1890, 1785.809
743.3380, 1582.345
744.4880, 1555.941
745.6380, 1433.589
746.7870, 1305.257
747.9360, 1307.922
749.0850, 1207.546
750.2340, 1265.130
751.3830, 1355.674
752.5310, 1329.178
753.6800, 1556.644
754.8280, 1685.071
755.9760, 1825.461
757.1240, 2219.814
758.2720, 2591.131
759.4190, 2943.413
760.5670, 3333.660
761.7140, 4045.872
762.8610, 4467.052
764.0080, 5100.813
765.1550, 5886.388
766.3020, 6111.440
767.4480, 6202.644
768.5950, 6181.119
769.7410, 6058.300
770.8870, 5643.795
772.0330, 5092.828
773.1780, 4565.407
774.3240, 4007.271
775.4690, 3365.958
776.6140, 2872.792
777.7590, 2368.772
778.9040, 1943.387
780.0490, 1606.248
781.1940, 1343.099
782.3380, 991.9424
783.4820, 903.7773
784.6260, 610.6060
785.7700, 592.4277
786.9140, 389.2437
788.0580, 367.0562
789.2010, 130.8701
790.3450, 58.46777
791.4880, 99.91846
792.6310, 45.59326
793.7730, 53.96826
794.9160, 160.9038
796.0590, 68.22168
797.2010, 179.2402
798.3430, 113.5068
799.4850, 49.81885
800.6270, 125.5308
801.7690, 19.20459
802.9100, 13.18164
804.0520, 204.6118
805.1930, 412.0630
806.3340, 656.5220
807.4750, 806.9902
808.6160, 1155.469
809.7560, 1582.958
810.8970, 1758.458
812.0370, 2227.970
813.1770, 2314.493
814.3170, 2329.029
815.4570, 2123.580
816.5960, 1991.145
817.7360, 2045.724
818.8750, 1419.319
820.0140, 1098.930
821.1530, 379.5581
822.2920, 130.2036
823.4310, 37.13281
824.5690, 241.4658
825.7070, 277.8711
826.8460, 413.3691
827.9840, 475.9951
829.1220, 372.7700
830.2590, 485.6519
831.3970, 454.7021
832.5340, 370.9053
833.6710, 378.2236
834.8080, 296.6860
835.9450, 219.2534
837.0820, 135.8862
838.2190, 99.54248
839.3550, 0.2060550
840.4910, 72.15430
841.6270, 246.5430
842.7630, 422.9614
843.8990, 586.4097
845.0350, 716.8896
846.1700, 992.4004
847.3060, 1245.943
848.4410, 1357.520
849.5760, 1592.128
850.7100, 1649.771
851.8450, 1913.449
852.9800, 1869.163
854.1140, 1785.913
855.2480, 1549.700
856.3820, 1481.524
857.5160, 1391.386
858.6500, 1244.287
859.7830, 967.2275
860.9170, 817.2080
862.0500, 738.7876
863.1830, 708.2910
864.3160, 689.3945
865.4480, 714.5410
866.5810, 740.1362
867.7130, 767.9639
868.8460, 858.2422
869.9780, 939.5649
871.1100, 1033.933
872.2410, 1205.348
873.3730, 1375.808
874.5050, 1467.317
875.6360, 1735.873
876.7670, 1931.479
877.8980, 2264.135
879.0290, 2470.842
880.1590, 2848.598
881.2900, 3092.408
882.4200, 3476.269
883.5500, 3882.181
884.6800, 4543.151
885.8100, 5089.178
886.9400, 5877.275
888.0690, 6799.426
889.1990, 7826.645
890.3280, 9085.943
891.4570, 10277.30
892.5860, 11916.72
893.7140, 13373.21
894.8430, 15495.77
895.9710, 17199.40
897.1000, 18786.11
898.2280, 20286.88
899.3560, 21030.74
900.4830, 21456.67
901.6110, 21811.71
902.7380, 21469.90
903.8660, 21755.24
904.9930, 21727.77
906.1200, 22156.50
907.2460, 22186.43
908.3730, 22618.55
909.5000, 22625.86
910.6260, 22640.34
911.7520, 22166.97
912.8780, 20935.72
914.0040, 19176.59
915.1290, 17239.56
916.2550, 15417.58
917.3800, 13216.71
918.5050, 11742.96
919.6300, 10191.28
920.7550, 9072.676
921.8800, 8067.156
923.0040, 7316.730
924.1290, 6963.396
925.2530, 6801.164
926.3770, 6604.027
927.5010, 6688.999
928.6250, 6818.326
929.7480, 6998.504
930.8720, 7134.594
931.9950, 6964.391
933.1180, 6843.888
934.2410, 6568.439
935.3640, 6119.917
936.4860, 5755.142
937.6090, 5291.775
938.7310, 4991.572
939.8530, 4879.527
940.9750, 4818.801
942.0970, 4889.653
943.2180, 5144.824
944.3400, 5538.066
945.4610, 6025.379
946.5820, 6622.761
947.7030, 7369.212
948.8240, 8169.730
949.9450, 9275.316
951.0650, 10038.98
952.1860, 10832.72
953.3060, 11545.53
954.4260, 12252.43
955.5460, 12982.41
956.6650, 13401.46
957.7850, 14342.59
958.9040, 15149.57
960.0230, 16023.77
961.1420, 17138.01
962.2610, 18301.50
963.3800, 19501.28
964.4990, 19977.54
965.6170, 20633.16
966.7350, 20465.96
967.8530, 19879.95
968.9710, 19160.74
970.0890, 18407.53
971.2070, 17971.09
972.3240, 18289.55
973.4410, 18840.75
974.5580, 20115.86
975.6750, 21862.24
976.7920, 23993.70
977.9090, 26294.24
979.0250, 28244.87
980.1410, 29545.58
981.2580, 30480.36
982.3740, 30807.23
983.4890, 29682.17
984.6050, 28947.20
985.7200, 28410.31
986.8360, 27542.49
987.9510, 27133.75
989.0660, 27498.10
990.1810, 28092.53
991.2950, 28964.03
992.4100, 29942.61
993.5240, 30393.28
994.6390, 30684.01
995.7530, 31617.83
996.8660, 31382.73
997.9800, 31420.71
999.0940, 31799.75
1000.207, 32429.88
1001.320, 32957.09
1002.433, 33397.36
1003.546, 33668.71
1004.659, 33690.15
1005.772, 33091.64
1006.884, 31341.23
1007.996, 29280.88
1009.108, 26955.61
1010.220, 23849.42
1011.332, 20908.11
1012.444, 18109.06
1013.555, 15289.08
1014.666, 13136.29
1015.777, 11091.60
1016.888, 9455.046
1017.999, 8292.406
1019.110, 7137.437
1020.220, 6283.688
1021.331, 5564.528
1022.441, 5109.048
1023.551, 4713.169
1024.661, 4437.713
1025.770, 4170.461
1026.880, 4135.407
1027.989, 4004.427
1029.098, 3706.096
1030.207, 3546.604
1031.316, 3346.095
1032.425, 2768.955
1033.533, 2612.529
1034.642, 2304.467
1035.750, 2026.418
1036.858, 1823.591
1037.966, 1629.042
1039.073, 1581.681
1040.181, 1419.886
1041.288, 1397.963
1042.396, 1343.810
1043.503, 1287.847
1044.610, 1268.893
1045.716, 1263.604
1046.823, 1275.886
1047.929, 1327.042
1049.036, 1410.549
1050.142, 1392.900
1051.248, 1417.315
1052.353, 1505.862
1053.459, 1452.352
1054.564, 1643.102
1055.670, 1618.787
1056.775, 1796.652
1057.880, 1673.143
1058.985, 1625.486
1060.089, 1540.942
1061.194, 1528.669
1062.298, 1377.405
1063.402, 1407.257
1064.506, 1240.661
1065.610, 1170.529
1066.713, 878.8340
1067.817, 753.1694
1068.920, 579.1631
1070.023, 608.5864
1071.126, 377.3091
1072.229, 520.4595
1073.332, 267.9932
1074.435, 358.9600
1075.537, 349.7515
1076.639, 357.2637
1077.741, 357.4058
1078.843, 410.2749
1079.945, 551.3149
1081.046, 567.0264
1082.148, 706.0078
1083.249, 728.3867
1084.350, 672.8096
1085.451, 768.0781
1086.551, 625.2876
1087.652, 678.0420
1088.752, 654.4458
1089.853, 620.4058
1090.953, 557.3433
1092.053, 596.3052
1093.152, 500.3833
1094.252, 627.3037
1095.351, 720.9956
1096.451, 810.4766
1097.550, 1013.033
1098.649, 1104.229
1099.748, 1283.749
1100.846, 1604.104
1101.945, 1789.642
1103.043, 2023.379
1104.141, 2301.149
1105.239, 2473.047
1106.337, 2615.060
1107.434, 2690.277
1108.532, 2740.130
1109.629, 2662.277
1110.726, 2550.603
1111.823, 2390.951
1112.920, 2217.059
1114.017, 2056.641
1115.113, 1808.416
1116.210, 1711.783
1117.306, 1543.728
1118.402, 1407.281
1119.498, 1373.645
1120.593, 1419.552
1121.689, 1255.060
1122.784, 1094.265
1123.879, 1050.479
1124.974, 849.5049
1126.069, 853.7588
1127.164, 750.1426
1128.259, 587.3550
1129.353, 426.4937
1130.447, 301.4458
1131.541, 270.5635
1132.635, 177.5557
1133.729, 212.9419
1134.822, 180.3057
1135.916, 137.3433
1137.009, 167.3291
1138.102, 121.3159
1139.195, 55.01758
1140.288, 41.19678
1141.380, 66.18408
1142.473, 39.90869
1143.565, 79.77588
1144.657, 107.6216
1145.749, 46.31689
1146.841, 5.475098
1147.932, 9.714355
1149.024, 41.03564
1150.115, 56.38281
1151.206, 101.7271
1152.297, 13.07568
1153.388, 80.38086
1154.479, 138.7476
1155.569, 27.32666
1156.659, 29.92676
1157.750, 92.52588
1158.839, 73.22705
1159.929, 80.75146
1161.019, 74.56250
1162.108, 33.05859
1163.198, 104.7119
1164.287, 80.67529
1165.376, 130.7217
1166.465, 63.70361
1167.553, 79.72070
1168.642, 96.64355
1169.730, 80.30176
1170.818, 38.21533
1171.906, 80.69727
1172.994, 57.86377
1174.082, 118.1216
1175.170, 121.8008
1176.257, 94.14111
1177.344, 179.8853
1178.431, 63.38867
1179.518, 14.16895
1180.605, 108.2998
1181.691, 186.1523
1182.778, 10.23828
1183.864, 6.659668
1184.950, 39.96387
1186.036, 68.14893
1187.122, 68.36084
1188.207, 91.66748
1189.292, 86.68311
1190.378, 54.14014
1191.463, 71.99756
1192.548, 72.03662
1193.632, 67.10645
1194.717, 47.00928
1195.801, 91.94141
1196.886, 12.69385
1197.970, 15.25977
1199.054, 24.76367
1200.137, 41.23389
1201.221, 0.1162110
1202.305, 11.74072
1203.388, 88.25049
1204.471, 19.77295
1205.554, 81.91162
1206.637, 59.10059
1207.719, 75.13574
1208.802, 92.16064
1209.884, 87.61670
1210.966, 117.0371
1212.048, 99.87402
1213.130, 53.66064
1214.212, 55.38330
1215.293, 38.06738
1216.374, 67.09473
1217.456, 13.62354
1218.536, 67.21387
1219.617, 32.71045
1220.698, 148.0107
1221.778, 60.37793
1222.859, 150.5737
1223.939, 188.8325
1225.019, 54.92725
1226.099, 151.9478
1227.178, 68.20605
1228.258, 123.0996
1229.337, 115.9341
1230.417, 131.9258
1231.496, 129.6372
1232.574, 126.2871
1233.653, 90.87354
1234.732, 225.3877
1235.810, 124.8467
1236.888, 248.2681
1237.966, 196.6055
1239.044, 127.8843
1240.122, 186.2856
1241.199, 124.4375
1242.277, 219.5483
1243.354, 246.5723
1244.431, 197.5386
1245.508, 132.4443
1246.585, 274.4224
1247.661, 185.3579
1248.738, 208.0737
1249.814, 164.7290
1250.890, 196.3174
1251.966, 234.8428
1253.042, 236.3086
1254.117, 165.7148
1255.193, 236.0537
1256.268, 222.5625
1257.343, 160.7773
1258.418, 259.1533
1259.493, 305.2383
1260.567, 267.3862
1261.642, 298.3506
1262.716, 232.2554
1263.790, 236.1816
1264.864, 289.9629
1265.938, 302.6831
1267.011, 192.3438
1268.085, 370.2388
1269.158, 262.7715
1270.231, 302.2959
1271.304, 320.7085
1272.377, 209.6938
1273.450, 330.9785
1274.522, 278.2393
1275.594, 325.6597
1276.666, 342.6255
1277.738, 377.5142
1278.810, 378.8408
1279.882, 351.1113
1280.953, 337.2559
1282.025, 322.8760
1283.096, 325.0000
1284.167, 352.0811
1285.238, 350.9062
1286.308, 343.5137
1287.379, 379.9312
1288.449, 294.2812
1289.519, 350.9922
1290.589, 256.8687
1291.659, 283.7651
1292.729, 335.4336
1293.798, 367.2593
1294.868, 292.7275
1295.937, 284.1870
1297.006, 241.4282
1298.075, 193.3950
1299.143, 211.1733
1300.212, 296.3843
1301.280, 234.7246
1302.348, 219.4478
1303.416, 289.0332
1304.484, 191.1919
1305.552, 244.8892
1306.620, 167.0137
1307.687, 146.2593
1308.754, 80.14795
1309.821, 171.2319
1310.888, 171.3994
1311.955, 236.2266
1313.021, 193.1509
1314.088, 152.7710
1315.154, 100.4487
1316.220, 105.2334
1317.286, 63.80859
1318.352, 114.2715
1319.417, 158.1401
1320.483, 153.7305
1321.548, 136.3242
1322.613, 166.7920
1323.678, 148.7476
1324.743, 182.2529
1325.807, 216.3647
1326.872, 221.6558
1327.936, 200.1089
1329.000, 108.0234
1330.064, 131.7725
1331.128, 140.0850
1332.191, 126.0020
1333.255, 262.4746
1334.318, 175.1162
1335.381, 252.0156
1336.444, 187.4019
1337.507, 182.9175
1338.569, 212.2476
1339.632, 243.8906
1340.694, 215.2505
1341.756, 221.1958
1342.818, 123.2358
1343.880, 148.1704
1344.941, 247.6074
1346.003, 157.2178
1347.064, 155.1074
1348.125, 176.3081
1349.186, 155.7471
1350.247, 215.9849
1351.308, 150.1919
1352.368, 217.5557
1353.428, 230.2285
1354.489, 104.2056
1355.549, 255.1743
1356.608, 212.5977
1357.668, 116.7832
1358.727, 218.1978
1359.787, 196.4927
1360.846, 167.7168
1361.905, 242.8447
1362.964, 248.9888
1364.022, 154.8447
1365.081, 259.8423
1366.139, 217.5962
1367.197, 113.3770
1368.255, 205.8477
1369.313, 149.2720
1370.371, 170.9111
1371.428, 203.6245
1372.486, 161.9712
1373.543, 117.2886
1374.600, 112.9878
1375.657, 183.2559
1376.713, 230.4810
1377.770, 205.1367
1378.826, 278.1655
1379.882, 161.4673
1380.938, 234.1450
1381.994, 172.5684
1383.050, 85.73682
1384.106, 193.7451
1385.161, 82.89160
1386.216, 173.0825
1387.271, 106.4302
1388.326, 137.5830
1389.381, 136.8286
1390.435, 113.2754
1391.490, 167.0708
1392.544, 179.1602
1393.598, 180.3521
1394.652, 58.53760
1395.705, 184.7559
1396.759, 113.3794
1397.812, 180.3643
1398.866, 36.38037
1399.919, 136.5586
1400.972, 111.5386
1402.024, 43.26855
1403.077, 117.1768
1404.129, 102.1289
1405.181, 36.12549
1406.233, 122.1040
1407.285, 92.03271
1408.337, 76.90967
1409.389, 76.70264
1410.440, 98.50439
1411.491, 101.4512
1412.542, 109.3765
1413.593, 140.2524
1414.644, 163.1733
1415.695, 138.8550
1416.745, 122.7666
1417.795, 136.3066
1418.845, 65.95508
1419.895, 122.8481
1420.945, 146.7515
1421.995, 209.5122
1423.044, 115.2500
1424.093, 106.8125
1425.142, 176.0410
1426.191, 149.4604
1427.240, 165.3164
1428.289, 49.94385
1429.337, 114.5239
1430.385, 90.44873
1431.433, 130.9551
1432.481, 136.1421
1433.529, 150.2930
1434.577, 128.6680
1435.624, 66.02393
1436.672, 28.68750
1437.719, 82.48828
1438.766, 64.57520
1439.812, 111.8887
1440.859, 101.6348
1441.905, 69.96631
1442.952, 94.45557
1443.998, 3.515137
1445.044, 85.10059
1446.090, 150.0249
1447.135, 76.93164
1448.181, 156.7349
1449.226, 94.66943
1450.271, 130.6392
1451.316, 110.9883
1452.361, 20.80078
1453.405, 83.56152
1454.450, 32.43945
1455.494, 76.76953
1456.538, 89.95557
1457.582, 92.22266
1458.626, 118.4717
1459.670, 57.22461
1460.713, 132.3687
1461.757, 26.50146
1462.800, 153.6582
1463.843, 100.7866
1464.886, 99.71582
1465.928, 89.98047
1466.971, 60.89062
1468.013, 16.24121
1469.055, 40.50244
1470.097, 2.720703
1471.139, 25.73486
1472.181, 37.94336
1473.222, 36.81982
1474.263, 8.304199
1475.305, 62.26855
1476.346, 35.49658
1477.386, 51.72705
1478.427, 65.95361
1479.468, 147.8784
1480.508, 64.80762
1481.548, 47.87354
1482.588, 155.9878
1483.628, 52.21387
1484.668, 95.02148
1485.707, 20.17773
1486.747, 98.75293
1487.786, 4.933594
1488.825, 62.63525
1489.864, 72.20020
1490.902, 17.30811
1491.941, 10.12500
1492.979, 58.27246
1494.017, 70.52002
1495.055, 77.77588
1496.093, 44.04248
1497.131, 99.10742
1498.168, 29.39404
1499.206, 52.69531
1500.243, 3.980469
1501.280, 67.09570
1502.317, 38.44775
1503.354, 55.81738
1504.390, 120.2085
1505.426, 11.82324
1506.463, 73.53125
1507.499, 55.96045
1508.535, 39.38232
1509.570, 57.95508
1510.606, 82.44629
1511.641, 106.9546
1512.676, 74.47363
1513.711, 84.54590
1514.746, 17.78125
1515.781, 47.69922
1516.816, 37.16895
1517.850, 3.379395
1518.884, 106.8828
1519.918, 73.39893
1520.952, 19.43555
1521.986, 19.42432
1523.019, 43.57373
1524.053, 40.81641
1525.086, 148.1230
1526.119, 110.5503
1527.152, 170.9912
1528.185, 77.44531
1529.217, 45.91113
1530.250, 78.15576
1531.282, 57.24121
1532.314, 65.52051
1533.346, 152.7246
1534.377, 166.2671
1535.409, 123.8218
1536.440, 165.3354
1537.472, 96.20312
1538.503, 81.76416
1539.534, 125.8120
1540.564, 76.34326
1541.595, 89.88770
1542.625, 142.4419
1543.656, 106.8164
1544.686, 85.90527
1545.716, 105.1377
1546.745, 106.7358
1547.775, 134.3506
1548.804, 178.9443
1549.834, 172.6660
1550.863, 140.3994
1551.892, 122.1494
1552.920, 171.9424
1553.949, 223.7705
1554.977, 217.6128
1556.006, 241.5166
1557.034, 139.5503
1558.062, 82.62744
1559.089, 104.8633
1560.117, 47.31982
1561.144, 26.89355
1562.172, 118.4204
1563.199, 15.17920
1564.226, 84.54150
1565.252, 108.6772
1566.279, 97.35498
1567.305, 129.6963
1568.332, 39.86279
1569.358, 95.50146
1570.384, 79.15527
1571.409, 114.4629
1572.435, 0.0000000E+00
##END=



