##NAMES=Clinozoisite
##RRUFFID=R060284
##IDEAL CHEMISTRY=Ca_2_Al_3_(Si_2_O_7_)(SiO_4_)O(OH)
##LOCALITY=near Zagi Mountain, Khaffor Dehri, North-West Frontier Province, Pakistan
##OWNER=RRUFF
##SOURCE=Herb Obodda
##DESCRIPTION=Greenish-brown fragment of a prismatic crystal
##STATUS=The identification of this mineral has been confirmed by X-ray diffraction and chemical analysis
##URL=rruff.info/R060284
##MEASURED CHEMISTRY=Ca_2.00_(Al_0.90_Fe^3+^_0.10_)_3_(Si_1.00_O_4_)(Si_2.00_O_7_)O(OH)
##PIN_ID=L00714
##ORIENTATION=Laser parallel to c* (0 0 1). Fiducial mark perpendicular to laser is parallel to a [1 0 0]
118.1340, 0.0000000E+00
119.3650, 15.77930
120.5960, 2.620117
121.8270, 119.1982
123.0580, 147.1943
124.2880, 274.8350
125.5190, 240.3213
126.7490, 388.8818
127.9790, 503.5674
129.2090, 702.5361
130.4390, 587.4424
131.6680, 886.0215
132.8980, 907.1250
134.1270, 991.3906
135.3560, 1375.805
136.5850, 1380.183
137.8140, 1803.547
139.0430, 2390.369
140.2710, 2651.833
141.5000, 2924.576
142.7280, 3246.287
143.9560, 3431.713
145.1840, 3654.306
146.4120, 3525.276
147.6390, 3445.389
148.8670, 3487.489
150.0940, 3280.047
151.3210, 3323.721
152.5490, 3421.455
153.7750, 3380.342
155.0020, 3281.109
156.2290, 3002.361
157.4550, 2896.090
158.6810, 2708.455
159.9080, 2604.158
161.1340, 2218.119
162.3590, 1939.594
163.5850, 1713.762
164.8110, 1628.376
166.0360, 1242.416
167.2610, 1041.860
168.4860, 807.6885
169.7110, 821.8818
170.9360, 765.4180
172.1610, 517.2686
173.3850, 591.3848
174.6100, 491.7266
175.8340, 423.2715
177.0580, 563.0137
178.2820, 271.9619
179.5050, 199.1240
180.7290, 268.5049
181.9520, 67.11230
183.1760, 28.95215
184.3990, 68.97070
185.6220, 44.65234
186.8450, 195.0859
188.0670, 225.2578
189.2900, 165.1436
190.5120, 199.7217
191.7340, 190.9297
192.9560, 192.5869
194.1780, 68.71094
195.4000, 162.3311
196.6220, 242.4824
197.8430, 80.19922
199.0640, 54.51270
200.2860, 63.45605
201.5070, 124.9395
202.7270, 289.6377
203.9480, 205.6123
205.1690, 260.8398
206.3890, 284.2998
207.6090, 369.9668
208.8290, 523.8125
210.0490, 416.7920
211.2690, 513.8711
212.4890, 495.0322
213.7080, 458.2725
214.9280, 502.5996
216.1470, 322.0166
217.3660, 272.5137
218.5850, 113.0801
219.8030, 101.6992
221.0220, 85.37402
222.2400, 95.06152
223.4590, 268.7295
224.6770, 423.2402
225.8950, 655.4932
227.1120, 903.3682
228.3300, 1214.929
229.5480, 1636.256
230.7650, 2204.388
231.9820, 2680.424
233.1990, 3191.502
234.4160, 4094.781
235.6330, 4719.268
236.8490, 5215.971
238.0660, 5764.891
239.2820, 6137.025
240.4980, 6536.379
241.7140, 7009.947
242.9300, 7500.704
244.1460, 8067.740
245.3610, 8647.962
246.5770, 9366.407
247.7920, 10104.07
249.0070, 11149.95
250.2220, 12334.05
251.4370, 13029.37
252.6510, 13325.92
253.8660, 13703.68
255.0800, 13680.70
256.2940, 13172.10
257.5080, 12723.06
258.7220, 11998.61
259.9360, 10657.64
261.1490, 9277.049
262.3630, 8197.710
263.5760, 7472.576
264.7890, 6996.482
266.0020, 6669.699
267.2150, 6524.998
268.4270, 6614.302
269.6400, 7164.521
270.8520, 7481.609
272.0640, 7872.533
273.2760, 8561.275
274.4880, 8851.808
275.7000, 8987.098
276.9120, 8501.153
278.1230, 7891.973
279.3340, 7191.568
280.5450, 6000.932
281.7560, 5235.025
282.9670, 4286.788
284.1780, 3746.201
285.3880, 3305.281
286.5980, 2867.075
287.8090, 2790.633
289.0190, 2588.987
290.2290, 2248.133
291.4380, 2371.062
292.6480, 2341.795
293.8570, 2304.355
295.0670, 2095.637
296.2760, 2390.611
297.4850, 2395.055
298.6930, 2255.834
299.9020, 2518.889
301.1110, 2674.308
302.3190, 2649.306
303.5270, 2780.809
304.7350, 2943.141
305.9430, 2764.471
307.1510, 2812.953
308.3580, 2875.597
309.5660, 2986.404
310.7730, 2595.375
311.9800, 2383.509
313.1870, 2308.621
314.3940, 2138.034
315.6010, 1817.787
316.8070, 1419.578
318.0130, 1030.751
319.2200, 1064.039
320.4260, 861.8027
321.6310, 855.1602
322.8370, 908.3174
324.0430, 1003.158
325.2480, 1180.866
326.4540, 1427.774
327.6590, 1712.163
328.8640, 2036.605
330.0680, 2456.340
331.2730, 2855.574
332.4780, 3347.119
333.6820, 3884.512
334.8860, 4416.410
336.0900, 4696.867
337.2940, 4785.592
338.4980, 4972.914
339.7010, 5069.706
340.9050, 5070.305
342.1080, 5031.545
343.3110, 5236.631
344.5140, 5466.982
345.7170, 5835.417
346.9200, 6033.771
348.1220, 6293.296
349.3240, 6576.701
350.5270, 6518.570
351.7290, 6798.771
352.9310, 6844.138
354.1320, 6562.652
355.3340, 6265.314
356.5350, 5700.129
357.7370, 5153.100
358.9380, 4672.234
360.1390, 4247.479
361.3400, 3870.978
362.5400, 3544.584
363.7410, 3159.334
364.9410, 2924.234
366.1410, 2550.283
367.3410, 2385.479
368.5410, 1977.825
369.7410, 2044.322
370.9400, 1530.971
372.1400, 1296.774
373.3390, 1239.733
374.5380, 800.8496
375.7370, 596.1260
376.9360, 282.5625
378.1350, 207.1592
379.3330, 197.9150
380.5310, 68.82910
381.7300, 147.9023
382.9280, 360.1338
384.1260, 541.5234
385.3230, 736.0674
386.5210, 1152.769
387.7180, 1462.625
388.9160, 1997.849
390.1130, 2236.030
391.3100, 2635.643
392.5060, 3018.046
393.7030, 3396.709
394.9000, 3731.781
396.0960, 3699.261
397.2920, 3705.675
398.4880, 3639.302
399.6840, 3168.180
400.8800, 2980.920
402.0750, 2351.217
403.2710, 1821.500
404.4660, 1343.400
405.6610, 774.8115
406.8560, 358.9746
408.0510, 221.2686
409.2450, 103.1807
410.4400, 220.1504
411.6340, 415.7383
412.8280, 929.4219
414.0220, 1477.203
415.2160, 2019.083
416.4100, 2996.061
417.6030, 4170.139
418.7970, 5728.316
419.9900, 7647.598
421.1830, 9582.982
422.3760, 12288.47
423.5690, 14547.06
424.7610, 17193.76
425.9540, 19423.58
427.1460, 21028.49
428.3380, 21576.52
429.5300, 21804.66
430.7220, 20777.92
431.9140, 19063.29
433.1050, 17406.78
434.2970, 15730.39
435.4880, 14325.11
436.6790, 13491.96
437.8700, 13129.92
439.0610, 13053.01
440.2510, 13882.22
441.4420, 15301.55
442.6320, 17122.02
443.8220, 19684.63
445.0120, 23127.37
446.2020, 26585.28
447.3910, 30595.33
448.5810, 34963.55
449.7700, 39337.94
450.9600, 42917.48
452.1490, 45674.23
453.3370, 47657.12
454.5260, 48659.19
455.7150, 48169.40
456.9030, 46365.79
458.0910, 44242.37
459.2800, 41312.11
460.4670, 38751.03
461.6550, 35524.13
462.8430, 33680.42
464.0300, 31873.90
465.2180, 30790.56
466.4050, 30384.42
467.5920, 29863.50
468.7790, 29544.81
469.9650, 29505.33
471.1520, 29669.07
472.3380, 29261.05
473.5250, 29194.30
474.7110, 28696.81
475.8970, 28273.60
477.0820, 27542.69
478.2680, 27019.05
479.4540, 26126.69
480.6390, 25713.61
481.8240, 24935.79
483.0090, 24101.21
484.1940, 22922.89
485.3780, 21627.85
486.5630, 20307.04
487.7470, 18595.42
488.9320, 16830.00
490.1160, 14765.73
491.3000, 12965.63
492.4830, 11500.68
493.6670, 10017.91
494.8500, 8609.266
496.0340, 7888.785
497.2170, 7162.643
498.4000, 6355.844
499.5820, 6057.541
500.7650, 5633.558
501.9480, 5540.267
503.1300, 5384.201
504.3120, 5549.824
505.4940, 5360.475
506.6760, 5393.277
507.8580, 5266.199
509.0390, 5190.263
510.2210, 5218.477
511.4020, 4944.817
512.5830, 4854.276
513.7640, 4791.869
514.9450, 4295.559
516.1250, 4030.401
517.3060, 3479.343
518.4860, 3449.374
519.6660, 2977.520
520.8460, 2606.758
522.0260, 2081.090
523.2060, 1908.509
524.3850, 1350.013
525.5650, 1011.600
526.7440, 670.2676
527.9230, 548.0137
529.1020, 111.8398
530.2810, 3.258789
531.4590, 122.2881
532.6380, 325.2754
533.8160, 386.2861
534.9940, 500.6338
536.1720, 547.4922
537.3500, 572.7529
538.5270, 566.1357
539.7050, 412.6426
540.8820, 294.2139
542.0590, 309.8105
543.2360, 161.4365
544.4130, 126.0479
545.5900, 54.36426
546.7660, 8.162109
547.9430, 168.3633
549.1190, 378.9453
550.2950, 590.5850
551.4710, 888.2803
552.6470, 1214.030
553.8220, 1549.834
554.9980, 1978.822
556.1730, 2466.601
557.3480, 2962.562
558.5230, 3605.572
559.6980, 4270.633
560.8730, 5123.740
562.0470, 6221.895
563.2220, 8115.097
564.3960, 9930.346
565.5700, 12260.64
566.7440, 14747.97
567.9170, 18052.35
569.0910, 21046.76
570.2640, 23595.23
571.4380, 24752.73
572.6110, 24315.26
573.7840, 22841.84
574.9570, 19713.45
576.1290, 15764.10
577.3020, 11964.78
578.4740, 8877.493
579.6460, 6544.277
580.8180, 5196.086
581.9900, 4078.104
583.1620, 3376.291
584.3330, 3081.644
585.5040, 2895.025
586.6760, 2724.271
587.8470, 2963.944
589.0180, 3045.006
590.1880, 3335.332
591.3590, 3487.061
592.5290, 3899.457
593.7000, 4231.211
594.8700, 4636.697
596.0400, 5117.876
597.2090, 5841.793
598.3790, 6289.867
599.5490, 7078.462
600.7180, 7921.945
601.8870, 8508.109
603.0560, 8916.183
604.2250, 9947.495
605.3940, 10091.69
606.5620, 10057.85
607.7300, 9861.267
608.8990, 9436.083
610.0670, 8508.568
611.2350, 7639.852
612.4020, 6594.844
613.5700, 5902.211
614.7370, 5016.874
615.9050, 4549.537
617.0720, 3975.690
618.2390, 3426.934
619.4060, 3085.509
620.5720, 2591.242
621.7390, 2399.119
622.9050, 1916.395
624.0710, 1674.196
625.2370, 1410.646
626.4030, 1279.065
627.5690, 1096.154
628.7340, 1018.346
629.9000, 720.8506
631.0650, 611.3701
632.2300, 498.6650
633.3950, 305.6055
634.5600, 316.4629
635.7240, 248.2285
636.8890, 148.8408
638.0530, 144.9600
639.2170, 71.76172
640.3810, 69.89258
641.5450, 87.25879
642.7080, 117.2285
643.8720, 136.5098
645.0350, 231.2422
646.1980, 237.7031
647.3610, 555.5547
648.5240, 625.2314
649.6870, 937.3496
650.8490, 1021.141
652.0120, 1525.371
653.1740, 1824.636
654.3360, 2059.049
655.4980, 2314.450
656.6600, 2562.086
657.8210, 2584.848
658.9830, 2781.211
660.1440, 2728.869
661.3050, 2861.146
662.4660, 2633.251
663.6270, 2693.077
664.7870, 2692.732
665.9480, 2501.470
667.1080, 2568.817
668.2680, 2296.313
669.4280, 2447.312
670.5880, 2357.009
671.7480, 2224.807
672.9070, 2058.233
674.0670, 1890.928
675.2260, 2049.420
676.3850, 1894.559
677.5440, 1952.347
678.7030, 1905.252
679.8610, 2008.960
681.0200, 2232.545
682.1780, 2317.281
683.3360, 2574.506
684.4940, 2780.789
685.6520, 3061.499
686.8090, 3274.735
687.9670, 3347.258
689.1240, 3612.687
690.2810, 3763.020
691.4380, 3677.260
692.5950, 3804.403
693.7520, 3820.451
694.9080, 3800.402
696.0650, 3731.256
697.2210, 3700.882
698.3770, 3724.670
699.5330, 3576.229
700.6880, 3414.688
701.8440, 3342.049
702.9990, 3124.307
704.1550, 2781.465
705.3100, 2548.521
706.4650, 2192.476
707.6190, 1965.328
708.7740, 1573.077
709.9290, 1337.724
711.0830, 1045.265
712.2370, 886.6621
713.3910, 683.0361
714.5450, 652.2627
715.6980, 534.3848
716.8520, 419.4004
718.0050, 318.3105
719.1580, 324.1113
720.3110, 285.8047
721.4640, 257.3877
722.6170, 228.8574
723.7700, 164.2148
724.9220, 50.44434
726.0740, 119.5156
727.2260, 80.44824
728.3780, 14.23145
729.5300, 91.83496
730.6810, 33.70898
731.8330, 93.54102
732.9840, 13.64355
734.1350, 150.5654
735.2860, 24.64551
736.4370, 11.06055
737.5880, 30.33105
738.7380, 17.45410
739.8880, 12.43555
741.0390, 21.38672
742.1890, 62.97070
743.3380, 13.55078
744.4880, 61.32715
745.6380, 161.3252
746.7870, 120.5986
747.9360, 100.1250
749.0850, 49.89160
750.2340, 125.8730
751.3830, 85.11035
752.5310, 186.5801
753.6800, 60.33496
754.8280, 133.3096
755.9760, 56.53906
757.1240, 174.9844
758.2720, 67.70605
759.4190, 103.6475
760.5670, 143.8271
761.7140, 106.4453
762.8610, 118.9404
764.0080, 88.85742
765.1550, 70.00195
766.3020, 10.36035
767.4480, 17.90137
768.5950, 52.62695
769.7410, 83.55469
770.8870, 80.69922
772.0330, 34.94238
773.1780, 115.5693
774.3240, 32.69043
775.4690, 127.4082
776.6140, 93.91406
777.7590, 17.97070
778.9040, 93.38379
780.0490, 41.54395
781.1940, 40.97070
782.3380, 41.87598
783.4820, 115.3271
784.6260, 2.258789
785.7700, 94.30176
786.9140, 121.0586
788.0580, 56.02246
789.2010, 19.15918
790.3450, 87.44629
791.4880, 102.0830
792.6310, 177.5020
793.7730, 64.68750
794.9160, 127.7617
796.0590, 46.27051
797.2010, 33.54688
798.3430, 46.24902
799.4850, 157.8398
800.6270, 55.33105
801.7690, 212.7148
802.9100, 166.0029
804.0520, 232.1934
805.1930, 169.2910
806.3340, 298.2939
807.4750, 332.2061
808.6160, 254.0312
809.7560, 457.7842
810.8970, 464.4961
812.0370, 433.1787
813.1770, 558.8564
814.3170, 448.5391
815.4570, 654.2314
816.5960, 658.9355
817.7360, 716.6211
818.8750, 853.2676
820.0140, 723.8818
821.1530, 965.4365
822.2920, 1049.930
823.4310, 1050.342
824.5690, 1067.681
825.7070, 1154.941
826.8460, 1340.124
827.9840, 1476.230
829.1220, 1446.261
830.2590, 1638.216
831.3970, 1737.097
832.5340, 1916.904
833.6710, 2022.639
834.8080, 2095.301
835.9450, 2243.891
837.0820, 2355.411
838.2190, 2340.861
839.3550, 2358.243
840.4910, 2565.556
841.6270, 2675.802
842.7630, 2780.980
843.8990, 2822.095
845.0350, 2930.143
846.1700, 2881.127
847.3060, 3168.048
848.4410, 3250.906
849.5760, 3566.703
850.7100, 3659.438
851.8450, 3749.114
852.9800, 4221.732
854.1140, 4330.290
855.2480, 4668.754
856.3820, 5035.166
857.5160, 5295.344
858.6500, 5868.326
859.7830, 6342.117
860.9170, 7058.851
862.0500, 7686.166
863.1830, 8304.087
864.3160, 9150.062
865.4480, 10098.74
866.5810, 10960.00
867.7130, 12284.55
868.8460, 12983.72
869.9780, 14170.14
871.1100, 15055.82
872.2410, 15773.75
873.3730, 16731.48
874.5050, 17600.67
875.6360, 18223.94
876.7670, 18670.50
877.8980, 19040.11
879.0290, 19297.45
880.1590, 19434.89
881.2900, 19228.32
882.4200, 18799.48
883.5500, 18071.20
884.6800, 17290.21
885.8100, 16345.40
886.9400, 15740.84
888.0690, 15000.88
889.1990, 14601.59
890.3280, 13977.26
891.4570, 13840.41
892.5860, 13741.44
893.7140, 13748.10
894.8430, 13706.55
895.9710, 13157.84
897.1000, 12725.69
898.2280, 12620.99
899.3560, 11857.60
900.4830, 11234.22
901.6110, 10483.14
902.7380, 9648.924
903.8660, 8706.381
904.9930, 8302.786
906.1200, 7505.402
907.2460, 7359.334
908.3730, 6759.329
909.5000, 6601.387
910.6260, 6296.570
911.7520, 6010.223
912.8780, 6093.148
914.0040, 5701.094
915.1290, 5837.572
916.2550, 5563.595
917.3800, 5446.901
918.5050, 5064.717
919.6300, 5071.793
920.7550, 4815.439
921.8800, 4904.244
923.0040, 4685.567
924.1290, 4648.188
925.2530, 4639.342
926.3770, 4774.450
927.5010, 4832.401
928.6250, 4771.361
929.7480, 4922.076
930.8720, 5053.657
931.9950, 5095.626
933.1180, 5200.266
934.2410, 5228.206
935.3640, 5243.342
936.4860, 5284.777
937.6090, 5182.282
938.7310, 5236.661
939.8530, 5104.389
940.9750, 5131.924
942.0970, 4958.929
943.2180, 4735.992
944.3400, 4704.132
945.4610, 4652.328
946.5820, 4213.588
947.7030, 4029.906
948.8240, 3924.307
949.9450, 3907.785
951.0650, 3763.317
952.1860, 3843.939
953.3060, 3769.611
954.4260, 3859.340
955.5460, 4038.131
956.6650, 4128.978
957.7850, 4277.883
958.9040, 4416.860
960.0230, 4429.908
961.1420, 4599.011
962.2610, 4527.174
963.3800, 4710.390
964.4990, 4682.665
965.6170, 4874.998
966.7350, 4881.396
967.8530, 4705.857
968.9710, 4756.385
970.0890, 4761.975
971.2070, 4859.625
972.3240, 5096.344
973.4410, 5395.123
974.5580, 5970.969
975.6750, 6648.893
976.7920, 7643.879
977.9090, 8658.938
979.0250, 10074.07
980.1410, 11634.28
981.2580, 13339.54
982.3740, 15016.87
983.4890, 16418.28
984.6050, 17040.76
985.7200, 17399.31
986.8360, 16999.94
987.9510, 16416.64
989.0660, 14743.41
990.1810, 13103.25
991.2950, 11273.17
992.4100, 9426.160
993.5240, 7740.223
994.6390, 6618.368
995.7530, 5604.626
996.8660, 4699.000
997.9800, 3895.486
999.0940, 3387.066
1000.207, 2814.777
1001.320, 2264.580
1002.433, 1938.505
1003.546, 1471.521
1004.659, 1283.648
1005.772, 1196.871
1006.884, 861.2227
1007.996, 733.6992
1009.108, 639.2871
1010.220, 521.9951
1011.332, 304.8213
1012.444, 308.7559
1013.555, 187.8340
1014.666, 340.0322
1015.777, 100.3623
1016.888, 281.8555
1017.999, 261.4990
1019.110, 193.2891
1020.220, 237.2090
1021.331, 365.2773
1022.441, 633.4844
1023.551, 749.8662
1024.661, 932.5791
1025.770, 1150.242
1026.880, 1168.046
1027.989, 1334.013
1029.098, 1484.379
1030.207, 1641.947
1031.316, 1773.455
1032.425, 1922.589
1033.533, 1737.726
1034.642, 1861.595
1035.750, 1790.865
1036.858, 1834.110
1037.966, 1987.701
1039.073, 1933.987
1040.181, 2373.472
1041.288, 2317.557
1042.396, 2554.219
1043.503, 2781.848
1044.610, 2939.749
1045.716, 3174.850
1046.823, 3275.283
1047.929, 3231.677
1049.036, 3434.476
1050.142, 3347.104
1051.248, 3093.117
1052.353, 3056.936
1053.459, 2995.834
1054.564, 2758.576
1055.670, 2537.697
1056.775, 2126.447
1057.880, 1990.854
1058.985, 1881.055
1060.089, 1711.050
1061.194, 1592.486
1062.298, 1493.057
1063.402, 1426.889
1064.506, 1280.520
1065.610, 1269.229
1066.713, 1456.529
1067.817, 1611.571
1068.920, 1611.506
1070.023, 1904.814
1071.126, 2218.189
1072.229, 2634.010
1073.332, 3018.516
1074.435, 3425.133
1075.537, 4243.982
1076.639, 4960.882
1077.741, 6075.275
1078.843, 6713.809
1079.945, 7869.034
1081.046, 8941.818
1082.148, 10391.99
1083.249, 11658.05
1084.350, 13664.65
1085.451, 15558.82
1086.551, 18042.21
1087.652, 20486.69
1088.752, 23346.18
1089.853, 26096.93
1090.953, 29202.31
1092.053, 31110.90
1093.152, 32218.45
1094.252, 31865.11
1095.351, 30889.72
1096.451, 28138.43
1097.550, 24492.19
1098.649, 20163.93
1099.748, 16097.38
1100.846, 12339.55
1101.945, 9667.827
1103.043, 7327.842
1104.141, 5939.543
1105.239, 4775.654
1106.337, 3771.355
1107.434, 3161.021
1108.532, 2958.273
1109.629, 2379.320
1110.726, 2207.945
1111.823, 1978.333
1112.920, 1846.766
1114.017, 1775.251
1115.113, 1620.439
1116.210, 1556.211
1117.306, 1505.965
1118.402, 1600.905
1119.498, 1574.754
1120.593, 1456.481
1121.689, 1349.594
1122.784, 1204.400
1123.879, 1103.359
1124.974, 983.6328
1126.069, 911.3174
1127.164, 778.8770
1128.259, 746.8076
1129.353, 677.9482
1130.447, 535.3916
1131.541, 561.5596
1132.635, 439.7021
1133.729, 429.8613
1134.822, 459.0527
1135.916, 340.2744
1137.009, 422.0859
1138.102, 288.2207
1139.195, 212.2568
1140.288, 259.5205
1141.380, 257.8818
1142.473, 320.3906
1143.565, 250.8008
1144.657, 214.8564
1145.749, 168.3145
1146.841, 151.8652
1147.932, 201.6689
1149.024, 150.7305
1150.115, 159.2881
1151.206, 180.9531
1152.297, 148.7344
1153.388, 141.5322
1154.479, 28.32617
1155.569, 14.04785
1156.659, 95.61621
1157.750, 16.57227
1158.839, 41.07617
1159.929, 15.07324
1161.019, 58.75586
1162.108, 2.948242
1163.198, 29.46582
1164.287, 158.7881
1165.376, 44.44434
1166.465, 13.92578
1167.553, 166.5957
1168.642, 51.90332
1169.730, 137.3398
1170.818, 18.47168
1171.906, 122.8926
1172.994, 86.67578
1174.082, 80.79297
1175.170, 105.1934
1176.257, 25.25977
1177.344, 3.267578
1178.431, 56.87109
1179.518, 180.5273
1180.605, 136.1318
1181.691, 33.93164
1182.778, 149.4961
1183.864, 34.67871
1184.950, 139.0059
1186.036, 59.02148
1187.122, 52.96094
1188.207, 62.33301
1189.292, 129.3926
1190.378, 138.4941
1191.463, 157.4990
1192.548, 122.7715
1193.632, 139.1562
1194.717, 116.2188
1195.801, 21.76758
1196.886, 86.35156
1197.970, 1.000000
1199.054, 4.323242
1200.137, 175.6191
1201.221, 56.89746
1202.305, 17.15723
1203.388, 113.3896
1204.471, 33.39648
1205.554, 16.23242
1206.637, 81.03906
1207.719, 19.08398
1208.802, 19.87207
1209.884, 7.090820
1210.966, 81.98438
1212.048, 69.14551
1213.130, 121.6143
1214.212, 101.6504
1215.293, 77.98438
1216.374, 50.59277
1217.456, 5.173828
1218.536, 55.70508
1219.617, 50.20801
1220.698, 16.32324
1221.778, 0.9169920
1222.859, 78.43066
1223.939, 119.7500
1225.019, 111.6699
1226.099, 197.3623
1227.178, 97.62402
1228.258, 54.85547
1229.337, 66.04883
1230.417, 52.20215
1231.496, 80.31641
1232.574, 146.3955
1233.653, 76.44238
1234.732, 192.4482
1235.810, 85.42383
1236.888, 21.35938
1237.966, 206.2295
1239.044, 88.06641
1240.122, 30.86035
1241.199, 154.5889
1242.277, 143.2871
1243.354, 135.9502
1244.431, 105.5781
1245.508, 91.16406
1246.585, 68.70117
1247.661, 130.1807
1248.738, 100.6211
1249.814, 171.0107
1250.890, 100.3643
1251.966, 242.6660
1253.042, 120.9287
1254.117, 191.1445
1255.193, 109.3213
1256.268, 16.55371
1257.343, 49.46680
1258.418, 10.41211
1259.493, 161.2646
1260.567, 32.07227
1261.642, 208.7949
1262.716, 240.4756
1263.790, 222.1162
1264.864, 246.7949
1265.938, 97.35254
1267.011, 119.8447
1268.085, 126.2783
1269.158, 158.6523
1270.231, 252.9766
1271.304, 216.2578
1272.377, 262.6426
1273.450, 108.7959
1274.522, 264.9209
1275.594, 217.0029
1276.666, 165.0381
1277.738, 199.0244
1278.810, 175.9619
1279.882, 246.8438
1280.953, 233.6797
1282.025, 236.4697
1283.096, 138.2119
1284.167, 306.8887
1285.238, 280.3203
1286.308, 138.9043
1287.379, 201.4229
1288.449, 65.88574
1289.519, 168.0137
1290.589, 267.0264
1291.659, 210.2070
1292.729, 309.8496
1293.798, 213.5859
1294.868, 157.6768
1295.937, 216.4414
1297.006, 188.2949
1298.075, 343.8662
1299.143, 176.8193
1300.212, 186.6533
1301.280, 118.9639
1302.348, 227.8320
1303.416, 255.7266
1304.484, 279.3994
1305.552, 275.9639
1306.620, 294.2812
1307.687, 364.8174
1308.754, 262.9102
1309.821, 309.2373
1310.888, 236.2441
1311.955, 269.4873
1313.021, 115.7402
1314.088, 292.1914
1315.154, 332.3359
1316.220, 132.9346
1317.286, 305.9326
1318.352, 255.1875
1319.417, 324.7158
1320.483, 219.8369
1321.548, 288.9160
1322.613, 177.7627
1323.678, 318.8350
1324.743, 310.8838
1325.807, 331.3770
1326.872, 329.1611
1327.936, 305.2080
1329.000, 293.7852
1330.064, 326.3223
1331.128, 302.4395
1332.191, 336.9082
1333.255, 293.3301
1334.318, 228.4941
1335.381, 221.7471
1336.444, 233.6816
1337.507, 321.9619
1338.569, 270.8408
1339.632, 321.1855
1340.694, 264.1582
1341.756, 288.2725
1342.818, 312.8936
1343.880, 316.9336
1344.941, 355.7686
1346.003, 331.5439
1347.064, 376.3135
1348.125, 433.8457
1349.186, 421.8252
1350.247, 422.5723
1351.308, 316.3369
1352.368, 392.9102
1353.428, 382.8867
1354.489, 386.5635
1355.549, 444.2061
1356.608, 429.9561
1357.668, 447.7773
1358.727, 429.5332
1359.787, 423.7217
1360.846, 384.2754
1361.905, 295.0684
1362.964, 289.6631
1364.022, 300.8604
1365.081, 273.1230
1366.139, 379.6934
1367.197, 321.3701
1368.255, 361.3242
1369.313, 462.4941
1370.371, 422.6748
1371.428, 446.1094
1372.486, 426.3330
1373.543, 422.5732
1374.600, 328.4746
1375.657, 347.2002
1376.713, 273.0293
1377.770, 401.9922
1378.826, 376.5801
1379.882, 337.4844
1380.938, 316.4756
1381.994, 298.3232
1383.050, 439.8271
1384.106, 288.1699
1385.161, 332.3545
1386.216, 410.9824
1387.271, 304.3164
1388.326, 327.9336
1389.381, 223.6963
1390.435, 317.4639
1391.490, 175.0781
1392.544, 229.6680
1393.598, 199.6719
1394.652, 453.3564
1395.705, 292.1475
1396.759, 270.7139
1397.812, 349.1865
1398.866, 160.5156
1399.919, 356.9443
1400.972, 245.7314
1402.024, 297.0381
1403.077, 214.1016
1404.129, 208.5938
1405.181, 226.4365
1406.233, 289.6230
1407.285, 388.9385
1408.337, 254.8916
1409.389, 253.8223
1410.440, 227.7354
1411.491, 303.8076
1412.542, 289.8320
1413.593, 245.5566
1414.644, 176.7275
1415.695, 366.5391
1416.745, 272.9990
1417.795, 289.8154
1418.845, 346.9473
1419.895, 289.8643
1420.945, 316.5352
1421.995, 203.0928
1423.044, 247.2803
1424.093, 311.1709
1425.142, 164.0576
1426.191, 212.6572
1427.240, 281.3818
1428.289, 127.4854
1429.337, 257.8857
1430.385, 326.5371
1431.433, 283.2969
1432.481, 118.0195
1433.529, 201.0586
1434.577, 242.8564
1435.624, 150.5449
1436.672, 189.3799
1437.719, 163.5586
1438.766, 186.5820
1439.812, 156.3711
1440.859, 228.2305
1441.905, 274.0820
1442.952, 223.2783
1443.998, 179.1318
1445.044, 192.6943
1446.090, 188.1855
1447.135, 199.6611
1448.181, 228.7402
1449.226, 253.2383
1450.271, 263.3857
1451.316, 306.5459
1452.361, 380.6689
1453.405, 102.7441
1454.450, 342.7871
1455.494, 242.6885
1456.538, 369.7197
1457.582, 127.8027
1458.626, 117.9355
1459.670, 289.1064
1460.713, 101.2520
1461.757, 140.3760
1462.800, 249.5215
1463.843, 353.6143
1464.886, 163.6328
1465.928, 245.6191
1466.971, 158.5820
1468.013, 115.5146
1469.055, 287.4199
1470.097, 157.3154
1471.139, 157.1992
1472.181, 309.0859
1473.222, 321.9336
1474.263, 107.7627
1475.305, 157.5947
1476.346, 150.4141
1477.386, 99.77832
1478.427, 56.01172
1479.468, 224.8330
1480.508, 187.7500
1481.548, 91.71680
1482.588, 207.6895
1483.628, 12.46680
1484.668, 189.5107
1485.707, 94.51270
1486.747, 127.3486
1487.786, 67.34277
1488.825, 105.3428
1489.864, 157.3359
1490.902, 342.3330
1491.941, 74.32715
1492.979, 122.3477
1494.017, 6.622070
1495.055, 108.4678
1496.093, 52.61621
1497.131, 59.78027
1498.168, 176.9717
1499.206, 112.1992
1500.243, 303.4492
1501.280, 289.5918
1502.317, 116.9346
1503.354, 270.0762
1504.390, 203.4385
1505.426, 199.8154
1506.463, 182.1953
1507.499, 92.60645
1508.535, 72.04492
1509.570, 35.51465
1510.606, 141.9980
1511.641, 270.5205
1512.676, 134.0654
1513.711, 81.35645
1514.746, 77.92188
1515.781, 338.4775
1516.816, 250.9600
1517.850, 210.3037
1518.884, 250.9131
1519.918, 207.5410
1520.952, 211.4072
1521.986, 282.7705
1523.019, 210.4707
1524.053, 181.0635
1525.086, 196.8232
1526.119, 286.0000
1527.152, 246.4150
1528.185, 20.43652
1529.217, 55.41992
1530.250, 192.5537
1531.282, 35.27148
1532.314, 159.6484
1533.346, 154.5527
1534.377, 293.8398
1535.409, 210.6719
1536.440, 195.9365
1537.472, 391.1943
1538.503, 478.4434
1539.534, 219.6787
1540.564, 63.64160
1541.595, 179.8379
1542.625, 172.9199
1543.656, 176.4863
1544.686, 200.9102
1545.716, 207.8154
1546.745, 208.6572
1547.775, 67.42090
1548.804, 119.0889
1549.834, 126.0654
1550.863, 275.7324
1551.892, 208.9629
1552.920, 233.5732
1553.949, 341.6514
1554.977, 316.8535
1556.006, 166.0205
1557.034, 37.20605
1558.062, 226.3818
1559.089, 141.5947
1560.117, 234.8330
1561.144, 177.9570
1562.172, 17.50195
1563.199, 125.6484
1564.226, 187.0410
1565.252, 106.5107
1566.279, 181.9424
1567.305, 203.7383
1568.332, 86.08203
1569.358, 3.075195
1570.384, 21.26855
1571.409, 137.7031
1572.435, 0.0000000E+00
##END=



