##NAMES=Crocoite
##RRUFFID=R040053
##IDEAL CHEMISTRY=Pb^2+^Cr^6+^O_4_
##LOCALITY=Dundas, Tasmania
##OWNER=RRUFF
##SOURCE=Bob Downs
##DESCRIPTION=Reddish-orange prismatic crystal
##STATUS=The identification of this mineral has been confirmed by X-ray diffraction and chemical analysis
##URL=rruff.info/R040053
##MEASURED CHEMISTRY=(Pb_.995_Mn_.005_)CrO_4_
##PIN_ID=L00166
##ORIENTATION=Laser parallel to -a* (-1 0 0). Fiducial mark perpendicular to laser is parallel to b [0 1 0]
61.962, 0.000
63.360, 101.335
64.758, 203.653
66.157, 423.681
67.554, 517.036
68.952, 331.389
70.349, 31.788
71.747, 5.628
73.144, 288.115
74.540, 569.020
75.937, 411.724
77.333, 180.626
78.729, 136.693
80.125, 105.872
81.521, 39.073
82.916, 10.311
84.311, 4.215
85.706, 12.086
87.101, 82.659
88.496, 113.455
89.890, 183.365
91.284, 256.318
92.678, 237.406
94.071, 234.469
95.465, 217.470
96.858, 162.381
98.251, 76.260
99.644, 50.080
101.036, 26.529
102.428, 37.266
103.820, 39.440
105.212, 73.885
106.604, 63.385
107.995, 56.447
109.387, 15.139
110.777, 92.440
112.168, 213.043
113.559, 211.725
114.949, 218.836
116.339, 190.650
117.729, 185.868
119.119, 174.947
120.508, 189.140
121.897, 207.185
123.286, 277.840
124.675, 320.266
126.063, 390.110
127.452, 536.543
128.840, 609.107
130.228, 682.741
131.615, 756.421
133.003, 801.183
134.390, 806.762
135.777, 726.793
137.164, 663.049
138.550, 527.917
139.937, 441.135
141.323, 358.295
142.709, 311.764
144.094, 263.195
145.480, 238.592
146.865, 238.399
148.250, 230.497
149.635, 205.166
151.019, 245.370
152.403, 200.947
153.788, 178.842
155.171, 210.629
156.555, 170.771
157.939, 124.122
159.322, 122.994
160.705, 126.574
162.088, 137.506
163.470, 100.184
164.853, 121.100
166.235, 80.014
167.617, 94.019
168.998, 120.136
170.380, 94.205
171.761, 131.281
173.142, 93.237
174.523, 94.943
175.904, 101.524
177.284, 69.152
178.664, 58.251
180.044, 75.497
181.424, 20.598
182.803, 40.397
184.183, 72.152
185.562, 86.601
186.940, 52.636
188.319, 61.431
189.698, 41.919
191.076, 52.367
192.454, 45.774
193.831, 57.134
195.209, 56.448
196.586, 33.715
197.963, 64.932
199.340, 51.102
200.717, 9.224
202.093, 52.298
203.470, 42.321
204.846, 3.712
206.221, 1.199
207.597, 5.059
208.972, 10.865
210.347, 120.617
211.722, 232.317
213.097, 263.965
214.472, 380.559
215.846, 10.901
217.220, 4.573
218.594, 18.016
219.967, 0.649
221.341, 30.314
222.714, 42.042
224.087, 28.841
225.460, 17.731
226.832, 48.713
228.204, 27.652
229.577, 28.606
230.948, 28.615
232.320, 2.690
233.692, 19.853
235.063, 21.918
236.434, 3.632
237.805, 36.077
239.175, 2.637
240.545, 12.134
241.916, 6.570
243.286, 39.942
244.655, 27.252
246.025, 30.525
247.394, 37.526
248.763, 15.726
250.132, 36.803
251.501, 20.757
252.869, 18.781
254.237, 34.877
255.605, 19.687
256.973, 38.582
258.340, 81.323
259.708, 27.108
261.075, 69.740
262.442, 91.378
263.808, 81.132
265.175, 76.716
266.541, 75.150
267.907, 67.374
269.273, 80.666
270.639, 65.820
272.004, 70.980
273.369, 107.827
274.734, 106.531
276.099, 92.393
277.463, 122.482
278.828, 76.914
280.192, 144.583
281.556, 116.184
282.919, 99.556
284.283, 122.068
285.646, 125.366
287.009, 126.812
288.372, 133.059
289.734, 108.187
291.097, 135.330
292.459, 171.446
293.821, 152.159
295.183, 130.308
296.544, 160.089
297.905, 133.977
299.266, 172.738
300.627, 164.271
301.988, 185.893
303.348, 159.417
304.709, 189.836
306.069, 182.196
307.428, 212.506
308.788, 215.761
310.147, 244.922
311.507, 242.971
312.865, 252.951
314.224, 278.797
315.583, 297.583
316.941, 333.282
318.299, 369.947
319.657, 366.502
321.015, 465.870
322.372, 491.038
323.729, 559.162
325.086, 565.348
326.443, 569.562
327.800, 621.584
329.156, 736.557
330.512, 890.337
331.868, 1201.293
333.224, 1645.204
334.579, 2148.943
335.935, 2298.865
337.290, 2038.652
338.645, 1518.335
339.999, 1168.023
341.354, 1044.492
342.708, 1070.732
344.062, 1285.137
345.416, 1502.873
346.769, 1396.835
348.123, 1085.294
349.476, 769.753
350.829, 600.684
352.182, 485.709
353.534, 457.567
354.887, 463.666
356.239, 425.419
357.591, 437.553
358.942, 399.555
360.294, 353.270
361.645, 292.375
362.996, 274.085
364.347, 279.219
365.698, 294.018
367.048, 280.844
368.398, 285.354
369.748, 290.181
371.098, 350.113
372.448, 397.135
373.797, 461.248
375.146, 456.785
376.495, 434.327
377.844, 395.900
379.192, 354.768
380.540, 270.593
381.889, 313.173
383.236, 287.724
384.584, 263.307
385.932, 292.225
387.279, 294.025
388.626, 296.519
389.973, 334.953
391.319, 404.586
392.666, 499.353
394.012, 643.928
395.358, 902.114
396.704, 1277.197
398.049, 1514.038
399.394, 1419.502
400.740, 1058.439
402.084, 686.796
403.429, 455.474
404.774, 347.862
406.118, 299.785
407.462, 205.432
408.806, 174.301
410.150, 164.153
411.493, 189.862
412.836, 205.592
414.179, 178.962
415.522, 144.220
416.865, 195.668
418.207, 157.783
419.549, 177.266
420.891, 150.261
422.233, 169.768
423.575, 151.563
424.916, 107.478
426.257, 131.239
427.598, 123.928
428.939, 164.541
430.279, 129.014
431.619, 166.564
432.959, 140.057
434.299, 185.528
435.639, 155.187
436.978, 163.776
438.318, 172.254
439.657, 147.812
440.996, 153.084
442.334, 153.858
443.673, 195.653
445.011, 146.938
446.349, 182.898
447.687, 130.318
449.024, 161.454
450.361, 180.398
451.699, 159.810
453.036, 154.552
454.372, 174.908
455.709, 177.645
457.045, 189.029
458.381, 150.164
459.717, 160.254
461.053, 197.826
462.388, 166.073
463.724, 180.239
465.059, 186.069
466.394, 180.170
467.728, 166.653
469.063, 157.878
470.397, 160.985
471.731, 165.115
473.065, 164.497
474.398, 164.392
475.732, 184.706
477.065, 166.870
478.398, 158.948
479.731, 167.005
481.063, 182.984
482.396, 173.518
483.728, 171.179
485.060, 153.163
486.391, 148.407
487.723, 147.259
489.054, 170.433
490.385, 145.976
491.716, 123.369
493.047, 159.022
494.377, 166.197
495.708, 153.831
497.038, 134.359
498.368, 153.919
499.697, 152.491
501.027, 135.961
502.356, 160.461
503.685, 146.933
505.014, 138.098
506.342, 157.970
507.671, 109.575
508.999, 130.797
510.327, 180.330
511.655, 169.537
512.982, 151.764
514.310, 123.281
515.637, 179.353
516.964, 119.596
518.291, 142.575
519.617, 141.467
520.944, 124.196
522.270, 183.139
523.596, 144.910
524.921, 154.828
526.247, 112.563
527.572, 126.871
528.897, 119.630
530.222, 133.224
531.547, 150.879
532.871, 148.790
534.196, 152.029
535.520, 153.449
536.844, 138.971
538.167, 131.346
539.491, 115.700
540.814, 83.028
542.137, 106.335
543.460, 126.618
544.783, 104.885
546.105, 87.138
547.427, 83.373
548.749, 106.588
550.071, 124.791
551.393, 66.977
552.714, 101.145
554.035, 93.297
555.356, 88.425
556.677, 101.534
557.998, 76.616
559.318, 105.673
560.638, 72.718
561.958, 49.723
563.278, 73.730
564.597, 74.683
565.917, 89.608
567.236, 36.481
568.555, 50.198
569.874, 19.848
571.192, 55.581
572.511, 74.355
573.829, 81.995
575.147, 83.200
576.464, 97.136
577.782, 63.625
579.099, 27.171
580.416, 18.578
581.733, 28.042
583.050, 31.403
584.366, 36.554
585.683, 33.779
586.999, 37.912
588.315, 45.262
589.630, 42.403
590.946, 19.677
592.261, 21.815
593.576, 25.119
594.891, 30.271
596.206, 31.783
597.520, 33.607
598.834, 29.653
600.148, 7.302
601.462, 26.293
602.776, 4.164
604.089, 14.275
605.402, 6.280
606.715, 2.542
608.028, 47.709
609.341, 7.135
610.653, 30.134
611.965, 21.520
613.277, 14.765
614.589, 4.919
615.901, 6.376
617.212, 11.131
618.523, 1.658
619.834, 6.312
621.145, 13.809
622.456, 58.343
623.766, 14.880
625.076, 0.630
626.386, 5.774
627.696, 41.882
629.006, 25.415
630.315, 1.706
631.624, 22.969
632.933, 32.209
634.242, 11.489
635.551, 21.704
636.859, 17.842
638.167, 43.008
639.475, 20.851
640.783, 7.774
642.090, 29.737
643.398, 18.824
644.705, 15.032
646.012, 2.681
647.318, 71.763
648.625, 8.456
649.931, 29.799
651.237, 39.037
652.543, 15.704
653.849, 32.374
655.155, 15.943
656.460, 4.576
657.765, 20.185
659.070, 4.705
660.375, 3.310
661.679, 46.160
662.984, 8.720
664.288, 4.221
665.592, 30.054
666.895, 4.598
668.199, 16.936
669.502, 4.408
670.805, 42.210
672.108, 25.007
673.411, 71.558
674.713, 30.560
676.016, 18.240
677.318, 16.072
678.620, 14.000
679.921, 36.696
681.223, 4.410
682.524, 39.544
683.825, 31.512
685.126, 18.459
686.427, 50.386
687.727, 28.360
689.028, 29.394
690.328, 59.408
691.628, 44.425
692.927, 25.437
694.227, 69.377
695.526, 91.275
696.825, 73.097
698.124, 72.773
699.423, 60.537
700.721, 49.376
702.020, 54.115
703.318, 47.771
704.616, 55.401
705.913, 61.119
707.211, 37.905
708.508, 69.439
709.805, 62.108
711.102, 87.735
712.399, 53.333
713.695, 30.978
714.992, 67.509
716.288, 23.155
717.584, 69.655
718.879, 17.051
720.175, 53.450
721.470, 58.234
722.765, 66.563
724.060, 111.874
725.355, 24.236
726.649, 106.354
727.944, 56.726
729.238, 44.170
730.532, 122.641
731.825, 68.116
733.119, 113.645
734.412, 89.033
735.705, 90.256
736.998, 74.365
738.291, 156.592
739.584, 74.827
740.876, 160.082
742.168, 144.321
743.460, 155.574
744.752, 199.855
746.043, 137.121
747.334, 145.273
748.626, 162.444
749.916, 235.629
751.207, 179.842
752.498, 243.061
753.788, 266.286
755.078, 200.492
756.368, 272.505
757.658, 236.336
758.947, 269.564
760.237, 309.169
761.526, 216.292
762.815, 285.662
764.104, 330.210
765.392, 333.146
766.680, 367.824
767.969, 367.999
769.257, 444.673
770.544, 438.569
771.832, 474.802
773.119, 600.929
774.406, 539.700
775.693, 608.724
776.980, 640.881
778.267, 722.227
779.553, 861.395
780.839, 781.111
782.125, 800.179
783.411, 1056.346
784.697, 1100.573
785.982, 1304.508
787.267, 1207.732
788.552, 1408.000
789.837, 1501.180
791.122, 1612.423
792.406, 1849.656
793.690, 1783.936
794.974, 1933.628
796.258, 2055.167
797.542, 2026.353
798.825, 2241.251
800.108, 2230.511
801.391, 2335.419
802.674, 2388.930
803.957, 2483.563
805.239, 2648.909
806.522, 2664.727
807.804, 2809.059
809.085, 2931.469
810.367, 2991.825
811.649, 3402.143
812.930, 3575.535
814.211, 4015.887
815.492, 4276.240
816.772, 4752.878
818.053, 5518.816
819.333, 6030.996
820.613, 6806.533
821.893, 7836.734
823.173, 8577.234
824.452, 9947.697
825.732, 11035.844
827.011, 12436.435
828.290, 14982.838
829.568, 17333.504
830.847, 22383.244
832.125, 28493.131
833.403, 36713.781
834.681, 47792.594
835.959, 56433.242
837.236, 61764.055
838.514, 59203.293
839.791, 50904.066
841.068, 41384.988
842.345, 32715.836
843.621, 26516.721
844.898, 22117.727
846.174, 19148.699
847.450, 18199.604
848.726, 16280.640
850.001, 15901.689
851.277, 15242.752
852.552, 14813.829
853.827, 13855.949
855.102, 13345.997
856.376, 11677.096
857.651, 10278.202
858.925, 8789.318
860.199, 7690.441
861.473, 6991.574
862.746, 6322.716
864.020, 5828.868
865.293, 5296.030
866.566, 4876.142
867.839, 4503.623
869.112, 4200.667
870.384, 3907.858
871.656, 3700.075
872.928, 3521.273
874.200, 3228.509
875.472, 2950.755
876.744, 2990.011
878.015, 2672.277
879.286, 2567.553
880.557, 2432.840
881.828, 2267.138
883.098, 2295.447
884.369, 2144.840
885.639, 1985.192
886.909, 1981.643
888.178, 1808.992
889.448, 1756.353
890.717, 1636.764
891.987, 1565.147
893.256, 1479.540
894.524, 1408.943
895.793, 1340.357
897.061, 1272.782
898.330, 1256.234
899.598, 1214.678
900.865, 1146.731
902.133, 1078.709
903.401, 1013.175
904.668, 927.217
905.935, 853.712
907.202, 785.217
908.468, 779.763
909.735, 772.469
911.001, 720.758
912.267, 711.584
913.533, 648.510
914.799, 650.167
916.064, 618.813
917.330, 546.518
918.595, 578.164
919.860, 499.831
921.124, 463.669
922.389, 502.484
923.653, 398.188
924.918, 492.907
926.182, 458.635
927.445, 403.652
928.709, 353.402
929.972, 329.162
931.236, 359.171
932.499, 402.949
933.761, 488.025
935.024, 476.056
936.286, 513.694
937.549, 476.610
938.811, 487.452
940.073, 486.443
941.334, 375.304
942.596, 308.572
943.857, 295.455
945.118, 254.604
946.379, 163.516
947.640, 258.645
948.900, 152.805
950.161, 127.023
951.421, 232.993
952.681, 96.972
953.940, 119.961
955.200, 169.957
956.459, 160.131
957.719, 166.630
958.978, 169.672
960.236, 161.922
961.495, 128.853
962.753, 145.208
964.012, 115.425
965.270, 90.888
966.527, 137.041
967.785, 171.522
969.043, 106.666
970.300, 123.786
971.557, 115.911
972.814, 98.042
974.071, 111.179
975.327, 97.652
976.583, 98.370
977.840, 74.123
979.095, 104.500
980.351, 77.777
981.607, 80.322
982.862, 95.558
984.117, 141.119
985.372, 56.269
986.627, 101.135
987.882, 66.640
989.136, 92.901
990.390, 92.264
991.644, 115.836
992.898, 147.157
994.152, 69.328
995.405, 44.577
996.659, 68.188
997.912, 49.900
999.165, 60.118
1000.417, 75.600
1001.670, 10.842
1002.922, 134.228
1004.174, 8.523
1005.426, 77.836
1006.678, 43.151
1007.930, 71.762
1009.181, 85.241
1010.432, 99.667
1011.683, 84.115
1012.934, 61.730
1014.185, 20.200
1015.435, 18.114
1016.685, 3.092
1017.935, 11.251
1019.185, 4.474
1020.435, 15.561
1021.684, 60.291
1022.934, 36.582
1024.183, 35.154
1025.432, 90.567
1026.680, 36.130
1027.929, 37.578
1029.177, 35.876
1030.425, 61.416
1031.673, 18.133
1032.921, 144.661
1034.169, 31.616
1035.416, 11.079
1036.663, 31.646
1037.911, 71.958
1039.157, 183.533
1040.404, 12.797
1041.650, 26.469
1042.897, 128.716
1044.143, 73.261
1045.389, 79.519
1046.634, 49.207
1047.880, 27.459
1049.125, 62.706
1050.371, 7.949
1051.615, 128.186
1052.860, 43.487
1054.105, 13.244
1055.349, 90.060
1056.593, 63.287
1057.837, 36.506
1059.081, 3.766
1060.325, 51.977
1061.568, 110.182
1062.812, 27.622
1064.055, 37.558
1065.298, 44.727
1066.540, 38.891
1067.783, 90.144
1069.025, 73.291
1070.267, 21.431
1071.509, 32.562
1072.751, 95.681
1073.993, 65.858
1075.234, 79.960
1076.475, 2.134
1077.716, 99.218
1078.957, 149.289
1080.198, 15.353
1081.438, 156.404
1082.679, 7.461
1083.919, 63.698
1085.159, 125.713
1086.398, 63.974
1087.638, 87.037
1088.877, 51.016
1090.116, 113.213
1091.355, 33.833
1092.594, 113.085
1093.833, 28.988
1095.071, 93.875
1096.309, 45.748
1097.547, 42.609
1098.785, 34.455
1100.023, 115.284
1101.260, 107.345
1102.498, 227.146
1103.735, 246.132
1104.972, 64.904
1106.208, 76.183
1107.445, 203.702
1108.681, 17.376
1109.918, 2.030
1111.154, 42.812
1112.389, 79.490
1113.625, 39.714
1114.860, 101.315
1116.096, 25.846
1117.331, 96.279
1118.566, 257.212
1119.800, 214.629
1121.035, 262.031
1122.269, 166.590
1123.503, 48.958
1124.737, 38.625
1125.971, 41.044
1127.205, 31.512
1128.438, 45.039
1129.671, 32.860
1130.904, 4.745
1132.137, 53.848
1133.370, 9.070
1134.602, 19.899
1135.834, 75.172
1137.066, 9.342
1138.298, 26.356
1139.530, 66.655
1140.762, 8.920
1141.993, 22.060
1143.224, 150.301
1144.455, 64.300
1145.686, 41.420
1146.917, 5.288
1148.147, 99.414
1149.377, 20.897
1150.607, 125.953
1151.837, 149.171
1153.067, 145.837
1154.296, 146.842
1155.526, 76.469
1156.755, 143.423
1157.984, 89.409
1159.213, 118.962
1160.441, 79.775
1161.670, 115.675
1162.898, 88.396
1164.126, 56.198
1165.354, 53.551
1166.581, 165.660
1167.809, 3.290
1169.036, 57.743
1170.263, 169.933
1171.490, 103.626
1172.717, 142.724
1173.943, 113.515
1175.170, 142.988
1176.396, 184.470
1177.622, 128.840
1178.848, 88.318
1180.073, 133.840
1181.299, 89.462
1182.524, 93.929
1183.749, 210.373
1184.974, 113.753
1186.199, 121.412
1187.423, 195.652
1188.648, 97.896
1189.872, 239.217
1191.096, 137.160
1192.320, 233.149
1193.543, 104.369
1194.767, 278.418
1195.990, 230.392
1197.213, 265.922
1198.436, 233.953
1199.659, 199.316
1200.881, 232.267
1202.104, 201.354
1203.326, 338.638
1204.548, 259.431
1205.770, 210.180
1206.991, 297.521
1208.213, 230.236
1209.434, 282.898
1210.655, 253.804
1211.876, 286.060
1213.096, 314.168
1214.317, 205.000
1215.537, 348.551
1216.757, 289.228
1217.977, 283.796
1219.197, 321.660
1220.417, 216.768
1221.636, 365.039
1222.855, 214.247
1224.074, 317.123
1225.293, 294.964
1226.512, 246.839
1227.731, 320.738
1228.949, 233.459
1230.167, 188.833
1231.385, 302.799
1232.603, 178.634
1233.820, 223.597
1235.038, 249.340
1236.255, 186.088
1237.472, 249.034
1238.689, 253.085
1239.906, 260.497
1241.122, 274.771
1242.338, 307.114
1243.555, 251.556
1244.771, 261.017
1245.986, 270.996
1247.202, 186.808
1248.417, 270.411
1249.633, 198.687
1250.848, 259.171
1252.063, 209.219
1253.277, 196.813
1254.492, 283.917
1255.706, 297.542
1256.920, 207.839
1258.134, 228.698
1259.348, 196.481
1260.562, 127.197
1261.775, 247.409
1262.988, 155.945
1264.201, 224.646
1265.414, 251.435
1266.627, 258.139
1267.839, 198.317
1269.052, 247.023
1270.264, 165.954
1271.476, 296.321
1272.688, 178.388
1273.899, 178.969
1275.111, 307.488
1276.322, 117.995
1277.533, 240.013
1278.744, 295.250
1279.955, 200.139
1281.165, 212.309
1282.376, 108.387
1283.586, 218.948
1284.796, 199.355
1286.006, 95.231
1287.215, 272.341
1288.425, 97.541
1289.634, 178.627
1290.843, 144.340
1292.052, 96.869
1293.261, 254.021
1294.469, 224.710
1295.678, 29.601
1296.886, 83.346
1298.094, 205.198
1299.302, 118.858
1300.509, 203.789
1301.717, 119.062
1302.924, 105.751
1304.131, 202.993
1305.338, 134.314
1306.545, 107.429
1307.752, 143.661
1308.958, 117.727
1310.164, 209.846
1311.370, 59.679
1312.576, 124.938
1313.782, 170.400
1314.987, 27.873
1316.193, 99.260
1317.398, 46.079
1318.603, 22.992
1319.807, 21.093
1321.012, 19.089
1322.216, 22.839
1323.421, 17.416
1324.625, 92.203
1325.829, 10.793
1327.032, 45.146
1328.236, 26.476
1329.439, 79.179
1330.642, 55.505
1331.845, 114.803
1333.048, 97.402
1334.251, 84.515
1335.453, 48.996
1336.656, 145.145
1337.858, 12.518
1339.060, 115.416
1340.261, 121.636
1341.463, 41.817
1342.664, 78.957
1343.866, 59.942
1345.067, 21.977
1346.267, 166.017
1347.468, 47.901
1348.669, 114.819
1349.869, 109.701
1351.069, 2.505
1352.269, 109.292
1353.469, 114.051
1354.668, 33.773
1355.868, 180.456
1357.067, 36.930
1358.266, 55.529
1359.465, 100.992
1360.664, 73.511
1361.862, 62.991
1363.061, 227.430
1364.259, 24.880
1365.457, 126.177
1366.655, 132.505
1367.852, 16.718
1369.050, 202.975
1370.247, 27.200
1371.444, 114.389
1372.641, 223.545
1373.838, 33.693
1375.035, 115.546
1376.231, 152.744
1377.427, 95.484
1378.623, 156.377
1379.819, 113.768
1381.015, 90.438
1382.211, 217.312
1383.406, 211.167
1384.601, 163.066
1385.796, 239.807
1386.991, 11.303
1388.185, 101.939
1389.380, 274.264
1390.574, 65.287
1391.768, 94.811
1392.962, 166.329
1394.156, 109.668
1395.350, 167.349
1396.543, 199.770
1397.736, 180.028
1398.929, 277.864
1400.122, 225.402
1401.315, 148.764
1402.507, 262.916
1403.700, 147.104
1404.892, 97.324
1406.084, 175.291
1407.276, 32.615
1408.467, 301.419
1409.659, 30.683
1410.850, 88.445
1412.041, 276.926
1413.232, 2.185
1414.423, 170.479
1415.614, 137.562
1416.804, 144.165
1417.994, 180.716
1419.184, 114.149
1420.374, 70.189
1421.564, 163.287
1422.753, 99.229
1423.943, 95.438
1425.132, 296.509
1426.321, 6.270
1427.510, 112.628
1428.698, 220.538
1429.887, 72.852
1431.075, 298.688
1432.263, 224.177
1433.451, 170.315
1434.639, 219.362
1435.827, 126.949
1437.014, 183.995
1438.201, 184.856
1439.388, 133.831
1440.575, 120.142
1441.762, 194.740
1442.949, 74.457
1444.135, 307.948
1445.321, 105.878
1446.507, 207.538
1447.693, 191.974
1448.879, 183.632
1450.064, 143.041
1451.250, 149.436
1452.435, 86.120
1453.620, 155.773
1454.805, 202.055
1455.989, 230.177
1457.174, 208.877
1458.358, 233.107
1459.542, 140.015
1460.726, 449.757
1461.910, 52.639
1463.093, 230.530
1464.277, 321.438
1465.460, 67.105
1466.643, 303.816
1467.826, 269.004
1469.009, 148.157
1470.191, 216.270
1471.373, 375.313
1472.556, 223.346
1473.738, 340.234
1474.919, 113.938
1476.101, 159.620
1477.283, 224.387
1478.464, 262.651
1479.645, 199.542
1480.826, 341.146
1482.007, 223.568
1483.187, 243.173
1484.368, 194.887
1485.548, 224.774
1486.728, 236.212
1487.908, 269.283
1489.088, 228.561
1490.268, 260.749
1491.447, 149.668
1492.626, 185.743
1493.805, 175.582
1494.984, 123.338
1496.163, 243.955
1497.341, 233.143
1498.520, 11.423
1499.698, 242.666
1500.876, 122.759
1502.054, 182.825
1503.232, 342.893
1504.409, 162.792
1505.586, 62.862
1506.763, 243.035
1507.940, 113.949
1509.117, 154.877
1510.294, 145.844
1511.470, 156.848
1512.647, 177.870
1513.823, 88.925
1514.999, 60.062
1516.174, 304.045
1517.350, 24.983
1518.526, 86.048
1519.701, 226.732
1520.876, 2.055
1522.051, 209.151
1523.226, 250.324
1524.400, 131.259
1525.574, 49.903
1526.749, 229.718
1527.923, 1.675
1529.097, 151.061
1530.270, 84.406
1531.444, 0.000
##END=



