##NAMES=Fluorapophyllite-(K)
##RRUFFID=R060554
##IDEAL CHEMISTRY=KCa_4_Si_8_O_20_F&#183;8H_2_O
##LOCALITY=unknown
##OWNER=RRUFF
##SOURCE=Gemological Institute of America
##DESCRIPTION=Colorless polished fragment
##STATUS=The identification of this mineral has been confirmed by X-ray diffraction and chemical analysis
##URL=rruff.info/R060554
##MEASURED CHEMISTRY=(K_0.88_Na_0.12_)Ca_4.00_Si_8.00_O_20_F_1.00_·8H2O
##PIN_ID=L00812
##ORIENTATION=Laser parallel to -a* (-1 0 0). Fiducial mark perpendicular to laser is parallel to -c [0 0 -1]
53.91000, 0.0000000E+00
55.14900, 58.03058
56.38700, 97.54999
57.62600, 160.3805
58.86400, 213.3585
60.10300, 247.0131
61.34100, 180.7829
62.57900, 79.64532
63.81700, 3.222839
65.05400, 15.96228
66.29200, 51.49634
67.52900, 25.82330
68.76700, 74.89795
70.00400, 32.20569
71.24100, 18.16785
72.47700, 23.70459
73.71400, 169.5663
74.95100, 337.1719
76.18700, 567.3201
77.42300, 874.8577
78.65900, 1164.658
79.89500, 1631.648
81.13100, 2181.700
82.36700, 2828.675
83.60200, 3552.447
84.83700, 4179.900
86.07200, 4744.930
87.30800, 5308.440
88.54200, 5848.346
89.77700, 6191.566
91.01200, 6586.029
92.24600, 6862.640
93.48000, 7024.294
94.71400, 7528.903
95.94800, 8211.474
97.18200, 9347.048
98.41600, 10614.64
99.64900, 12501.26
100.8830, 15542.90
102.1160, 19667.49
103.3490, 24209.13
104.5820, 28771.03
105.8150, 31944.72
107.0470, 34626.11
108.2800, 31654.17
109.5120, 23052.86
110.7440, 17228.16
111.9760, 12605.03
113.2080, 9662.456
114.4400, 7760.411
115.6710, 6654.875
116.9030, 6085.831
118.1340, 5846.262
119.3650, 5999.147
120.5960, 6131.476
121.8270, 6514.230
123.0580, 6949.403
124.2880, 7367.977
125.5190, 7434.941
126.7490, 7599.287
127.9790, 7652.924
129.2090, 7887.593
130.4390, 7910.278
131.6680, 8364.968
132.8980, 8897.643
134.1270, 9993.344
135.3560, 11900.49
136.5850, 14694.57
137.8140, 17439.73
139.0430, 19381.90
140.2710, 18721.98
141.5000, 15904.85
142.7280, 12697.50
143.9560, 10588.82
145.1840, 8871.870
146.4120, 7860.388
147.6390, 7030.084
148.8670, 6816.833
150.0940, 6920.643
151.3210, 6980.578
152.5490, 7255.324
153.7750, 7380.370
155.0020, 7829.806
156.2290, 8685.789
157.4550, 9423.871
158.6810, 10609.05
159.9080, 12123.33
161.1340, 13523.71
162.3590, 14645.19
163.5850, 15746.79
164.8110, 15746.50
166.0360, 15534.31
167.2610, 14141.24
168.4860, 12292.28
169.7110, 10368.44
170.9360, 8646.716
172.1610, 7451.110
173.3850, 6472.622
174.6100, 5887.255
175.8340, 5443.005
177.0580, 5263.874
178.2820, 5224.859
179.5050, 5262.961
180.7290, 5656.179
181.9520, 6213.515
183.1760, 6779.967
184.3990, 7342.538
185.6220, 7368.225
186.8450, 7262.032
188.0670, 6715.958
189.2900, 6277.003
190.5120, 5934.166
191.7340, 5726.450
192.9560, 5714.854
194.1780, 6026.379
195.4000, 6411.024
196.6220, 7058.790
197.8430, 7845.677
199.0640, 8682.683
200.2860, 10027.81
201.5070, 10958.58
202.7270, 11900.10
203.9480, 12761.06
205.1690, 13562.46
206.3890, 14170.20
207.6090, 14665.83
208.8290, 14654.52
210.0490, 14936.75
211.2690, 14078.00
212.4890, 12996.45
213.7080, 12244.52
214.9280, 11173.82
216.1470, 9190.552
217.3660, 8632.185
218.5850, 7832.334
219.8030, 7285.360
221.0220, 7057.987
222.2400, 7011.319
223.4590, 6783.090
224.6770, 7038.621
225.8950, 7263.108
227.1120, 7296.891
228.3300, 7016.731
229.5480, 6773.217
230.7650, 6456.888
231.9820, 5800.331
233.1990, 4978.747
234.4160, 4127.358
235.6330, 3423.695
236.8490, 2740.630
238.0660, 2173.147
239.2820, 1590.156
240.4980, 1251.239
241.7140, 939.5024
242.9300, 633.9434
244.1460, 387.5566
245.3610, 191.3384
246.5770, 105.2842
247.7920, 17.38916
249.0070, 5.352051
250.2220, 155.9478
251.4370, 80.42725
252.6510, 51.78223
253.8660, 55.00977
255.0800, 144.8867
256.2940, 280.9160
257.5080, 597.0767
258.7220, 770.1567
259.9360, 1011.678
261.1490, 1197.322
262.3630, 1492.985
263.5760, 1671.769
264.7890, 1913.671
266.0020, 2310.690
267.2150, 2389.826
268.4270, 2397.075
269.6400, 2266.437
270.8520, 1994.910
272.0640, 1764.493
273.2760, 1593.184
274.4880, 1316.982
275.7000, 909.8882
276.9120, 891.9028
278.1230, 707.0264
279.3340, 744.2593
280.5450, 780.6021
281.7560, 816.0537
282.9670, 853.6099
284.1780, 1027.267
285.3880, 1190.021
286.5980, 1379.868
287.8090, 1776.805
289.0190, 2108.831
290.2290, 2523.940
291.4380, 2976.134
292.6480, 3414.406
293.8570, 3911.761
295.0670, 4322.196
296.2760, 4830.711
297.4850, 4976.307
298.6930, 5079.933
299.9020, 5017.603
301.1110, 4930.337
302.3190, 4930.157
303.5270, 4709.062
304.7350, 4788.051
305.9430, 4904.125
307.1510, 5182.283
308.3580, 5402.526
309.5660, 5503.854
310.7730, 5673.269
311.9800, 5961.770
313.1870, 6039.355
314.3940, 6172.027
315.6010, 6554.784
316.8070, 6681.628
318.0130, 6959.559
319.2200, 7296.578
320.4260, 7502.680
321.6310, 7479.870
322.8370, 7514.149
324.0430, 7036.512
325.2480, 6546.962
326.4540, 6209.501
327.6590, 5842.126
328.8640, 5551.836
330.0680, 5191.635
331.2730, 5194.520
332.4780, 5141.492
333.6820, 5166.550
334.8860, 5432.694
336.0900, 5429.925
337.2940, 5603.243
338.4980, 5678.645
339.7010, 5445.133
340.9050, 5093.707
342.1080, 4495.366
343.3110, 3761.111
344.5140, 3143.942
345.7170, 2517.856
346.9200, 2088.897
348.1220, 1660.838
349.3240, 1419.362
350.5270, 1064.789
351.7290, 849.3472
352.9310, 711.0376
354.1320, 470.8613
355.3340, 218.8193
356.5350, 208.9175
357.7370, 39.85010
358.9380, 148.5269
360.1390, 399.1719
361.3400, 501.8882
362.5400, 543.7324
363.7410, 586.7251
364.9410, 572.8882
366.1410, 506.2168
367.3410, 563.6816
368.5410, 480.3105
369.7410, 456.0659
370.9400, 419.9375
372.1400, 434.9106
373.3390, 460.9922
374.5380, 350.1943
375.7370, 397.4678
376.9360, 356.8345
378.1350, 504.2754
379.3330, 330.8589
380.5310, 260.5059
381.7300, 138.1846
382.9280, 42.84424
384.1260, 124.5547
385.3230, 318.3364
386.5210, 583.6611
387.7180, 828.3677
388.9160, 1146.176
390.1130, 1542.085
391.3100, 1889.096
392.5060, 2263.168
393.7030, 2510.042
394.9000, 2894.765
396.0960, 3184.599
397.2920, 3414.510
398.4880, 3522.391
399.6840, 3431.104
400.8800, 3423.918
402.0750, 3096.830
403.2710, 3064.844
404.4660, 2721.956
405.6610, 2393.167
406.8560, 2227.477
408.0510, 1930.887
409.2450, 1742.394
410.4400, 1675.000
411.6340, 1606.376
412.8280, 1659.508
414.0220, 1776.409
415.2160, 1890.407
416.4100, 2229.507
417.6030, 2616.704
418.7970, 3144.007
419.9900, 3823.414
421.1830, 4886.935
422.3760, 6195.580
423.5690, 7576.348
424.7610, 9527.253
425.9540, 11678.29
427.1460, 13953.50
428.3380, 16751.87
429.5300, 19090.36
430.7220, 20357.00
431.9140, 20143.79
433.1050, 18898.74
434.2970, 16084.83
435.4880, 13254.08
436.6790, 10368.47
437.8700, 8257.992
439.0610, 6538.658
440.2510, 5102.470
441.4420, 3868.432
442.6320, 3181.543
443.8220, 2444.811
445.0120, 1921.231
446.2020, 1437.806
447.3910, 1255.545
448.5810, 993.4375
449.7700, 828.4761
450.9600, 871.6553
452.1490, 691.9829
453.3370, 804.4731
454.5260, 837.1333
455.7150, 970.9385
456.9030, 1031.905
458.0910, 1207.030
459.2800, 1440.297
460.4670, 1642.730
461.6550, 1767.320
462.8430, 1724.042
464.0300, 1689.908
465.2180, 1671.902
466.4050, 1682.028
467.5920, 1807.296
468.7790, 1910.699
469.9650, 2274.212
471.1520, 2776.839
472.3380, 3251.566
473.5250, 4328.396
474.7110, 5282.333
475.8970, 6558.369
477.0820, 8114.498
478.2680, 9934.721
479.4540, 12058.03
480.6390, 13991.43
481.8240, 16260.91
483.0090, 17952.48
484.1940, 18402.14
485.3780, 17897.88
486.5630, 16182.71
487.7470, 14206.62
488.9320, 11950.62
490.1160, 9898.698
491.3000, 8242.863
492.4830, 6954.105
493.6670, 5884.434
494.8500, 5111.844
496.0340, 4520.334
497.2170, 4211.904
498.4000, 4004.554
499.5820, 3761.284
500.7650, 3680.378
501.9480, 3631.359
503.1300, 3432.500
504.3120, 3215.088
505.4940, 2979.443
506.6760, 2791.511
507.8580, 2572.393
509.0390, 2423.968
510.2210, 2277.493
511.4020, 2272.639
512.5830, 2191.194
513.7640, 2148.814
514.9450, 2274.725
516.1250, 2393.328
517.3060, 2480.076
518.4860, 2870.378
519.6660, 3008.021
520.8460, 3278.777
522.0260, 3739.111
523.2060, 4157.145
524.3850, 4748.466
525.5650, 5298.422
526.7440, 5922.165
527.9230, 6566.002
529.1020, 7599.934
530.2810, 8240.962
531.4590, 9187.085
532.6380, 10087.30
533.8160, 10601.61
534.9940, 11251.01
536.1720, 11878.51
537.3500, 12286.14
538.5270, 12467.87
539.7050, 12523.70
540.8820, 12437.64
542.0590, 12268.66
543.2360, 11923.77
544.4130, 11501.98
545.5900, 11141.26
546.7660, 10973.64
547.9430, 10671.10
549.1190, 10473.64
550.2950, 10430.27
551.4710, 10117.98
552.6470, 10057.77
553.8220, 10132.65
554.9980, 10260.60
556.1730, 10304.64
557.3480, 10502.16
558.5230, 10592.35
559.6980, 11341.83
560.8730, 11416.97
562.0470, 12094.71
563.2220, 12469.03
564.3960, 13690.90
565.5700, 14453.86
566.7440, 15358.95
567.9170, 16846.64
569.0910, 18003.29
570.2640, 19708.86
571.4380, 21593.74
572.6110, 23403.83
573.7840, 25948.95
574.9570, 27958.88
576.1290, 30719.04
577.3020, 33227.23
578.4740, 35484.68
579.6460, 37870.12
580.8180, 39328.64
581.9900, 40703.22
583.1620, 40863.57
584.3330, 39784.97
585.5040, 38276.19
586.6760, 36097.14
587.8470, 32920.38
589.0180, 29684.36
590.1880, 26457.56
591.3590, 23565.55
592.5290, 20365.44
593.7000, 17936.84
594.8700, 15758.26
596.0400, 13705.62
597.2090, 12045.12
598.3790, 10792.86
599.5490, 9373.182
600.7180, 8421.816
601.8870, 7685.617
603.0560, 6903.326
604.2250, 6269.423
605.3940, 5575.697
606.5620, 5211.113
607.7300, 4654.427
608.8990, 4351.885
610.0670, 3988.256
611.2350, 3740.989
612.4020, 3483.571
613.5700, 3249.104
614.7370, 3077.260
615.9050, 2872.133
617.0720, 2765.956
618.2390, 2580.308
619.4060, 2426.854
620.5720, 2421.462
621.7390, 2371.997
622.9050, 2284.541
624.0710, 2185.094
625.2370, 2187.655
626.4030, 2123.853
627.5690, 2156.798
628.7340, 2089.378
629.9000, 2078.964
631.0650, 2098.553
632.2300, 2095.146
633.3950, 2108.595
634.5600, 2119.046
635.7240, 2138.940
636.8890, 2154.541
638.0530, 2174.142
639.2170, 2222.465
640.3810, 2326.342
641.5450, 2362.976
642.7080, 2503.650
643.8720, 2543.422
645.0350, 2676.317
646.1980, 2766.339
647.3610, 2863.500
648.5240, 2997.793
649.6870, 3211.208
650.8490, 3387.276
652.0120, 3714.409
653.1740, 3853.168
654.3360, 4105.023
655.4980, 4382.977
656.6600, 4515.034
657.8210, 4705.168
658.9830, 4920.388
660.1440, 4968.687
661.3050, 5089.091
662.4660, 5077.567
663.6270, 5028.091
664.7870, 4771.642
665.9480, 4632.197
667.1080, 4312.733
668.2680, 4068.249
669.4280, 3719.240
670.5880, 3356.972
671.7480, 3090.485
672.9070, 2798.026
674.0670, 2447.219
675.2260, 2196.747
676.3850, 1925.843
677.5440, 1673.401
678.7030, 1487.610
679.8610, 1257.699
681.0200, 1149.235
682.1780, 1015.517
683.3360, 877.3931
684.4940, 786.6357
685.6520, 678.0020
686.8090, 569.5420
687.9670, 509.1821
689.1240, 404.1968
690.2810, 336.1753
691.4380, 337.1182
692.5950, 231.0234
693.7520, 144.8911
694.9080, 127.7202
696.0650, 45.50977
697.2210, 114.2539
698.3770, 3.956543
699.5330, 30.59961
700.6880, 28.80859
701.8440, 49.29883
702.9990, 53.88281
704.1550, 98.56689
705.3100, 96.37500
706.4650, 197.3096
707.6190, 176.5088
708.7740, 43.71362
709.9290, 156.1064
711.0830, 155.6658
712.2370, 104.3928
713.3910, 129.2625
714.5450, 177.2908
715.6980, 78.50415
716.8520, 46.85278
718.0050, 91.32178
719.1580, 120.9368
720.3110, 118.2629
721.4640, 111.6565
722.6170, 140.7598
723.7700, 119.0417
724.9220, 127.4932
726.0740, 161.1196
727.2260, 121.9404
728.3780, 90.93628
729.5300, 69.09326
730.6810, 96.40063
731.8330, 149.8740
732.9840, 179.5437
734.1350, 80.35327
735.2860, 143.3977
736.4370, 130.6379
737.5880, 73.06934
738.7380, 155.6626
739.8880, 124.4619
741.0390, 25.45215
742.1890, 77.58276
743.3380, 14.88135
744.4880, 31.31665
745.6380, 59.89819
746.7870, 44.64136
747.9360, 69.46069
749.0850, 37.57861
750.2340, 150.4656
751.3830, 107.5640
752.5310, 88.27344
753.6800, 142.8113
754.8280, 215.3350
755.9760, 257.0520
757.1240, 358.4241
758.2720, 348.7307
759.4190, 441.9697
760.5670, 558.3350
761.7140, 574.4434
762.8610, 752.4861
764.0080, 753.4624
765.1550, 814.3723
766.3020, 829.2163
767.4480, 782.9937
768.5950, 825.7041
769.7410, 653.3479
770.8870, 733.9243
772.0330, 595.4407
773.1780, 588.0613
774.3240, 567.4358
775.4690, 546.7434
776.6140, 554.9827
777.7590, 562.1833
778.9040, 638.2141
780.0490, 627.2500
781.1940, 750.2163
782.3380, 831.7690
783.4820, 1008.597
784.6260, 1158.354
785.7700, 1320.040
786.9140, 1489.034
788.0580, 1605.704
789.2010, 1762.175
790.3450, 1868.569
791.4880, 1880.889
792.6310, 1840.352
793.7730, 1646.521
794.9160, 1400.654
796.0590, 1189.671
797.2010, 1087.611
798.3430, 870.4741
799.4850, 751.2595
800.6270, 713.9663
801.7690, 591.5957
802.9100, 492.1458
804.0520, 540.6172
805.1930, 516.0100
806.3340, 390.3240
807.4750, 419.5549
808.6160, 454.7048
809.7560, 443.7751
810.8970, 358.7659
812.0370, 437.6716
813.1770, 365.4978
814.3170, 427.2390
815.4570, 374.8999
816.5960, 464.4771
817.7360, 420.9763
818.8750, 462.3945
820.0140, 373.7349
821.1530, 457.9922
822.2920, 510.1709
823.4310, 427.2727
824.5690, 471.2957
825.7070, 549.2407
826.8460, 540.1094
827.9840, 580.9016
829.1220, 583.6182
830.2590, 708.2581
831.3970, 702.8218
832.5340, 678.3105
833.6710, 583.3203
834.8080, 699.6580
835.9450, 766.7134
837.0820, 707.1079
838.2190, 707.9028
839.3550, 712.1323
840.4910, 686.2568
841.6270, 685.3862
842.7630, 660.8408
843.8990, 750.6941
845.0350, 726.5903
846.1700, 694.5640
847.3060, 644.2292
848.4410, 611.3672
849.5760, 665.0884
850.7100, 570.7019
851.8450, 544.0645
852.9800, 608.3953
854.1140, 566.4834
855.2480, 544.5559
856.3820, 468.5476
857.5160, 498.4895
858.6500, 455.6333
859.7830, 527.7417
860.9170, 474.0090
862.0500, 410.5461
863.1830, 458.7783
864.3160, 358.2798
865.4480, 358.5422
866.5810, 393.9946
867.7130, 268.5564
868.8460, 281.5891
869.9780, 141.5918
871.1100, 194.6572
872.2410, 292.6089
873.3730, 150.2085
874.5050, 141.2734
875.6360, 100.0112
876.7670, 103.5703
877.8980, 112.2095
879.0290, 99.44775
880.1590, 87.77490
881.2900, 68.12549
882.4200, 37.36865
883.5500, 24.19141
884.6800, 1.913574
885.8100, 12.60303
886.9400, 11.74365
888.0690, 20.93896
889.1990, 32.96924
890.3280, 52.29053
891.4570, 13.36963
892.5860, 7.422852
893.7140, 58.00195
894.8430, 72.50293
895.9710, 9.940918
897.1000, 26.58887
898.2280, 25.09229
899.3560, 6.568848
900.4830, 37.01758
901.6110, 54.44092
902.7380, 84.83887
903.8660, 56.21143
904.9930, 49.55859
906.1200, 91.88184
907.2460, 4.180664
908.3730, 10.54395
909.5000, 51.70557
910.6260, 107.9355
911.7520, 52.14258
912.8780, 26.33203
914.0040, 96.50000
915.1290, 30.61816
916.2550, 60.71582
917.3800, 34.20654
918.5050, 41.84473
919.6300, 67.87695
920.7550, 8.890625
921.8800, 23.11572
923.0040, 9.139648
924.1290, 4.816406
925.2530, 75.75488
926.3770, 81.68799
927.5010, 15.37305
928.6250, 40.56787
929.7480, 1.502441
930.8720, 5.410645
931.9950, 164.3125
933.1180, 141.2158
934.2410, 142.1060
935.3640, 109.9893
936.4860, 139.5469
937.6090, 151.5156
938.7310, 194.5688
939.8530, 206.4131
940.9750, 226.2603
942.0970, 244.1655
943.2180, 275.6641
944.3400, 326.9551
945.4610, 349.7002
946.5820, 413.7725
947.7030, 460.4902
948.8240, 529.6147
949.9450, 665.2437
951.0650, 580.4497
952.1860, 582.2695
953.3060, 692.8491
954.4260, 706.6479
955.5460, 759.8184
956.6650, 771.4141
957.7850, 739.4419
958.9040, 753.0435
960.0230, 669.8496
961.1420, 641.6973
962.2610, 648.5439
963.3800, 672.3887
964.4990, 594.2324
965.6170, 772.0757
966.7350, 888.9224
967.8530, 851.7690
968.9710, 1090.619
970.0890, 1185.471
971.2070, 1256.333
972.3240, 1369.204
973.4410, 1399.150
974.5580, 1409.396
975.6750, 1424.970
976.7920, 1344.966
977.9090, 1265.239
979.0250, 1173.118
980.1410, 1099.298
981.2580, 1073.513
982.3740, 992.7925
983.4890, 963.1387
984.6050, 1017.537
985.7200, 935.9971
986.8360, 976.5322
987.9510, 977.1172
989.0660, 923.7461
990.1810, 954.4302
991.2950, 988.1782
992.4100, 989.0029
993.5240, 965.8433
994.6390, 1034.817
995.7530, 957.8350
996.8660, 957.9229
997.9800, 1118.091
999.0940, 1231.334
1000.207, 1276.641
1001.320, 1462.007
1002.433, 1573.302
1003.546, 1755.954
1004.659, 1860.486
1005.772, 2051.155
1006.884, 2175.906
1007.996, 2087.737
1009.108, 2089.632
1010.220, 1897.615
1011.332, 1674.677
1012.444, 1530.794
1013.555, 1342.979
1014.666, 1196.216
1015.777, 1201.511
1016.888, 1070.872
1017.999, 977.2939
1019.110, 940.6338
1020.220, 1056.133
1021.331, 997.3623
1022.441, 1120.919
1023.551, 1145.582
1024.661, 1113.202
1025.770, 1169.574
1026.880, 1296.239
1027.989, 1323.922
1029.098, 1614.625
1030.207, 1671.989
1031.316, 1812.727
1032.425, 2139.482
1033.533, 2366.258
1034.642, 2485.051
1035.750, 2860.863
1036.858, 3008.695
1037.966, 3358.546
1039.073, 3784.417
1040.181, 4200.307
1041.288, 4818.209
1042.396, 5411.978
1043.503, 6108.442
1044.610, 7257.413
1045.716, 8356.268
1046.823, 9694.282
1047.929, 11478.36
1049.036, 13707.42
1050.142, 16570.49
1051.248, 20028.11
1052.353, 24504.23
1053.459, 30274.38
1054.564, 36285.53
1055.670, 42508.15
1056.775, 49659.23
1057.880, 55397.45
1058.985, 59557.34
1060.089, 60496.63
1061.194, 58606.46
1062.298, 54015.64
1063.402, 48439.95
1064.506, 41974.85
1065.610, 35440.90
1066.713, 30211.30
1067.817, 25302.26
1068.920, 21498.70
1070.023, 18368.16
1071.126, 15562.35
1072.229, 13510.12
1073.332, 11698.61
1074.435, 10436.15
1075.537, 8983.659
1076.639, 8084.983
1077.741, 7257.526
1078.843, 6699.179
1079.945, 6055.459
1081.046, 5645.669
1082.148, 5386.377
1083.249, 5199.962
1084.350, 4933.171
1085.451, 4850.973
1086.551, 4755.768
1087.652, 4675.855
1088.752, 4448.696
1089.853, 4311.557
1090.953, 3946.440
1092.053, 3593.347
1093.152, 3203.280
1094.252, 2876.234
1095.351, 2577.442
1096.451, 2216.227
1097.550, 2062.257
1098.649, 1807.924
1099.748, 1631.995
1100.846, 1523.086
1101.945, 1395.070
1103.043, 1346.329
1104.141, 1259.701
1105.239, 1260.885
1106.337, 1212.089
1107.434, 1219.311
1108.532, 1146.553
1109.629, 1176.813
1110.726, 1266.093
1111.823, 1236.390
1112.920, 1353.722
1114.017, 1271.072
1115.113, 1249.451
1116.210, 1224.847
1117.306, 989.2686
1118.402, 948.7065
1119.498, 788.1616
1120.593, 780.8281
1121.689, 619.3149
1122.784, 692.8179
1123.879, 580.3364
1124.974, 583.8750
1126.069, 447.6016
1127.164, 481.1797
1128.259, 368.7783
1129.353, 397.4570
1130.447, 441.7861
1131.541, 416.4834
1132.635, 320.2520
1133.729, 314.9214
1134.822, 226.6021
1135.916, 245.3594
1137.009, 260.0625
1138.102, 131.7754
1139.195, 271.5322
1140.288, 169.2637
1141.380, 165.0947
1142.473, 196.8438
1143.565, 146.6011
1144.657, 199.3843
1145.749, 169.2046
1146.841, 189.9956
1147.932, 124.7832
1149.024, 34.58008
1150.115, 69.38623
1151.206, 43.20117
1152.297, 119.0215
1153.388, 109.8506
1154.479, 124.6880
1155.569, 40.53516
1156.659, 71.38770
1157.750, 64.24805
1158.839, 35.12793
1159.929, 94.01367
1161.019, 25.09668
1162.108, 98.79443
1163.198, 40.68896
1164.287, 110.5903
1165.376, 30.54492
1166.465, 23.45752
1167.553, 51.37500
1168.642, 73.36084
1169.730, 103.3853
1170.818, 26.31738
1171.906, 37.25586
1172.994, 2.242676
1174.082, 12.25732
1175.170, 60.25098
1176.257, 20.01855
1177.344, 42.04492
1178.431, 47.98047
1179.518, 79.07764
1180.605, 49.03027
1181.691, 1.015625
1182.778, 9.939453
1183.864, 50.89453
1184.950, 52.84961
1186.036, 15.19434
1187.122, 74.83203
1188.207, 128.7817
1189.292, 51.26904
1190.378, 89.34521
1191.463, 84.46631
1192.548, 13.62939
1193.632, 46.19824
1194.717, 5.897949
1195.801, 64.08008
1196.886, 32.70312
1197.970, 25.51514
1199.054, 26.42383
1200.137, 65.23340
1201.221, 6.773438
1202.305, 17.90674
1203.388, 47.89404
1204.471, 27.05225
1205.554, 46.15723
1206.637, 5.148438
1207.719, 124.3506
1208.802, 29.19580
1209.884, 54.39355
1210.966, 19.66699
1212.048, 47.04004
1213.130, 88.30908
1214.212, 3.148926
1215.293, 8.302734
1216.374, 42.39404
1217.456, 9.128418
1218.536, 55.69189
1219.617, 53.15723
1220.698, 53.94434
1221.778, 63.93604
1222.859, 38.79346
1223.939, 49.30371
1225.019, 62.71680
1226.099, 46.26221
1227.178, 60.82031
1228.258, 5.403320
1229.337, 84.74268
1230.417, 58.07373
1231.496, 111.6924
1232.574, 54.17676
1233.653, 19.47119
1234.732, 80.97852
1235.810, 113.3853
1236.888, 48.66357
1237.966, 55.01416
1239.044, 34.51709
1240.122, 42.82520
1241.199, 49.06543
1242.277, 46.29541
1243.354, 53.85059
1244.431, 44.71436
1245.508, 91.92383
1246.585, 76.37402
1247.661, 133.5513
1248.738, 114.0742
1249.814, 33.30859
1250.890, 95.52197
1251.966, 77.24902
1253.042, 87.61182
1254.117, 141.9873
1255.193, 38.68750
1256.268, 80.05664
1257.343, 80.73438
1258.418, 48.40186
1259.493, 25.66602
1260.567, 53.21045
1261.642, 46.62256
1262.716, 101.4624
1263.790, 90.62402
1264.864, 56.81152
1265.938, 119.9067
1267.011, 123.9263
1268.085, 67.93750
1269.158, 82.91992
1270.231, 56.96875
1271.304, 90.03369
1272.377, 95.05566
1273.450, 78.20312
1274.522, 72.17529
1275.594, 82.32959
1276.666, 92.25049
1277.738, 116.8091
1278.810, 114.3628
1279.882, 158.6655
1280.953, 178.5786
1282.025, 133.6431
1283.096, 171.2690
1284.167, 117.9604
1285.238, 111.9907
1286.308, 183.0269
1287.379, 123.4292
1288.449, 194.3921
1289.519, 124.1528
1290.589, 170.0894
1291.659, 107.7886
1292.729, 161.0439
1293.798, 96.77783
1294.868, 121.5288
1295.937, 157.4453
1297.006, 97.50049
1298.075, 90.35107
1299.143, 148.6304
1300.212, 129.1001
1301.280, 106.6279
1302.348, 160.1196
1303.416, 89.11182
1304.484, 47.47803
1305.552, 89.07080
1306.620, 199.4521
1307.687, 86.96094
1308.754, 166.3423
1309.821, 238.8008
1310.888, 164.0303
1311.955, 158.2715
1313.021, 150.5732
1314.088, 179.7710
1315.154, 108.1313
1316.220, 173.2939
1317.286, 187.4419
1318.352, 164.9233
1319.417, 218.0093
1320.483, 192.3359
1321.548, 168.5371
1322.613, 100.5972
1323.678, 125.0737
1324.743, 134.4253
1325.807, 143.4360
1326.872, 74.87939
1327.936, 105.8579
1329.000, 66.82129
1330.064, 90.05078
1331.128, 60.71289
1332.191, 62.84131
1333.255, 94.55469
1334.318, 51.49512
1335.381, 80.62939
1336.444, 33.54736
1337.507, 53.35547
1338.569, 55.53076
1339.632, 54.77734
1340.694, 67.69971
1341.756, 95.42188
1342.818, 71.67920
1343.880, 40.35059
1344.941, 36.03320
1346.003, 61.43018
1347.064, 98.06152
1348.125, 28.66357
1349.186, 22.23730
1350.247, 0.2070310
1351.308, 69.32764
1352.368, 25.15820
1353.428, 58.31250
1354.489, 4.751465
1355.549, 49.16602
1356.608, 113.9448
1357.668, 121.3169
1358.727, 41.67236
1359.787, 62.01074
1360.846, 24.66797
1361.905, 52.41553
1362.964, 74.68848
1364.022, 111.9434
1365.081, 84.17236
1366.139, 49.38232
1367.197, 90.56641
1368.255, 148.7334
1369.313, 41.14307
1370.371, 39.12158
1371.428, 19.81689
1372.486, 103.2104
1373.543, 13.72510
1374.600, 158.2422
1375.657, 38.17822
1376.713, 85.09473
1377.770, 88.79736
1378.826, 22.67725
1379.882, 50.53662
1380.938, 1.374512
1381.994, 4.093750
1383.050, 0.8139650
1384.106, 4.417969
1385.161, 21.32666
1386.216, 52.98584
1387.271, 24.99023
1388.326, 32.62012
1389.381, 11.17383
1390.435, 61.81934
1391.490, 52.44727
1392.544, 70.99072
1393.598, 85.58105
1394.652, 84.40479
1395.705, 87.67236
1396.759, 68.20703
1397.812, 60.63330
1398.866, 67.24463
1399.919, 42.61182
1400.972, 72.05664
1402.024, 62.45264
1403.077, 44.86865
1404.129, 11.27686
1405.181, 10.66455
1406.233, 21.03223
1407.285, 63.38037
1408.337, 36.71143
1409.389, 5.023926
1410.440, 123.3149
1411.491, 34.58984
1412.542, 31.84766
1413.593, 42.91016
1414.644, 36.30127
1415.695, 67.49658
1416.745, 2.321777
1417.795, 73.84424
1418.845, 10.99561
1419.895, 57.13135
1420.945, 3.797363
1421.995, 27.30469
1423.044, 16.39258
1424.093, 29.40137
1425.142, 4.362793
1426.191, 1.593750
1427.240, 75.43359
1428.289, 75.40381
1429.337, 71.40918
1430.385, 116.2817
1431.433, 72.48145
1432.481, 85.34521
1433.529, 50.31055
1434.577, 76.13135
1435.624, 53.09033
1436.672, 59.11279
1437.719, 96.14941
1438.766, 77.09326
1439.812, 184.0337
1440.859, 175.1567
1441.905, 221.0215
1442.952, 263.8120
1443.998, 223.7446
1445.044, 208.6929
1446.090, 224.6411
1447.135, 180.6870
1448.181, 165.3647
1449.226, 241.6050
1450.271, 207.2886
1451.316, 225.7935
1452.361, 231.1685
1453.405, 228.4092
1454.450, 169.7197
1455.494, 274.8799
1456.538, 287.7446
1457.582, 303.0645
1458.626, 222.6504
1459.670, 178.0044
1460.713, 198.2422
1461.757, 152.4380
1462.800, 247.8608
1463.843, 156.9385
1464.886, 214.9771
1465.928, 288.2930
1466.971, 153.5142
1468.013, 109.3403
1469.055, 180.4380
1470.097, 109.8086
1471.139, 166.8950
1472.181, 172.4243
1473.222, 130.0854
1474.263, 124.5503
1475.305, 171.3701
1476.346, 217.4048
1477.386, 152.5381
1478.427, 239.9751
1479.468, 172.2822
1480.508, 181.2432
1481.548, 221.0479
1482.588, 162.6689
1483.628, 112.1592
1484.668, 81.89453
1485.707, 125.5269
1486.747, 137.9707
1487.786, 146.2559
1488.825, 140.4849
1489.864, 122.0532
1490.902, 121.8042
1491.941, 142.6934
1492.979, 185.9160
1494.017, 135.2021
1495.055, 20.07861
1496.093, 71.61230
1497.131, 94.74658
1498.168, 42.59375
1499.206, 136.5073
1500.243, 198.8071
1501.280, 78.82275
1502.317, 82.96826
1503.354, 118.0137
1504.390, 121.8022
1505.426, 155.4521
1506.463, 99.53857
1507.499, 92.77197
1508.535, 89.97266
1509.570, 79.13965
1510.606, 74.27686
1511.641, 195.3936
1512.676, 138.4668
1513.711, 196.4927
1514.746, 168.4722
1515.781, 157.4111
1516.816, 130.2905
1517.850, 177.1157
1518.884, 191.9526
1519.918, 184.7876
1520.952, 162.5981
1521.986, 79.38477
1523.019, 155.1597
1524.053, 188.0278
1525.086, 96.87646
1526.119, 193.7319
1527.152, 140.6753
1528.185, 106.6230
1529.217, 126.5498
1530.250, 47.43994
1531.282, 77.30713
1532.314, 168.2017
1533.346, 125.1182
1534.377, 121.6177
1535.409, 117.7222
1536.440, 102.2070
1537.472, 63.00195
1538.503, 104.3110
1539.534, 117.6460
1540.564, 140.9980
1541.595, 115.3564
1542.625, 57.72510
1543.656, 113.1113
1544.686, 127.5215
1545.716, 98.96924
1546.745, 185.4600
1547.775, 91.00195
1548.804, 171.6021
1549.834, 73.26221
1550.863, 64.98486
1551.892, 105.7783
1552.920, 69.65674
1553.949, 95.84717
1554.977, 91.74072
1556.006, 122.9312
1557.034, 92.21875
1558.062, 107.6182
1559.089, 88.14697
1560.117, 28.82715
1561.144, 25.67725
1562.172, 100.7227
1563.199, 66.98926
1564.226, 14.50586
1565.252, 147.3110
1566.279, 5.537598
1567.305, 109.5669
1568.332, 150.8662
1569.358, 87.04639
1570.384, 6.064453
1571.409, 40.21680
1572.435, 0.0000000E+00
##END=



