##NAMES=Forsterite
##RRUFFID=R040052
##IDEAL CHEMISTRY=Mg_2_SiO_4_
##LOCALITY=Synthetic, Czochralski method
##OWNER=RRUFF
##SOURCE=Hideki Kanazawa of Kyoto University, Japan
##DESCRIPTION=Colorless crystal fragments obtained from a boule.
##STATUS=The identification of this mineral has been confirmed by X-ray diffraction and chemical analysis
##URL=rruff.info/R040052
##MEASURED CHEMISTRY=Mg_2.00_Si_1.00_O_4_
##PIN_ID=L00366
##ORIENTATION=Laser parallel to b* (0 1 0). Fiducial mark perpendicular to laser is parallel to c [0 0 1]
68.955, 0.000
70.361, 22.577
71.766, 311.822
73.172, 748.142
74.577, 1311.429
75.982, 1775.200
77.386, 2122.095
78.791, 1953.421
80.195, 2565.365
81.599, 1424.636
83.003, 1079.885
84.406, 1074.028
85.810, 757.184
87.213, 786.973
88.615, 564.195
90.018, 653.067
91.420, 685.917
92.822, 611.455
94.224, 594.421
95.626, 478.602
97.027, 513.721
98.428, 396.935
99.829, 469.431
101.230, 381.351
102.630, 360.091
104.030, 393.815
105.430, 348.618
106.830, 491.439
108.229, 468.906
109.628, 579.670
111.027, 1223.602
112.426, 976.176
113.824, 3851.532
115.222, 1351.134
116.620, 2859.918
118.018, 4200.500
119.416, 2903.287
120.813, 1512.823
122.210, 1031.184
123.607, 602.921
125.003, 309.400
126.399, 275.643
127.795, 163.980
129.191, 195.276
130.587, 150.468
131.982, 127.421
133.377, 155.722
134.772, 55.759
136.167, 182.710
137.561, 120.275
138.955, 228.104
140.349, 197.600
141.743, 224.289
143.136, 180.021
144.529, 111.045
145.922, 106.083
147.315, 100.379
148.707, 97.545
150.099, 22.843
151.491, 25.253
152.883, 13.845
154.274, 42.317
155.666, 32.041
157.057, 49.861
158.448, 16.443
159.838, 93.747
161.228, 58.990
162.618, 104.606
164.008, 16.277
165.398, 2.572
166.787, 104.010
168.176, 76.810
169.565, 4.737
170.954, 59.013
172.342, 62.051
173.730, 40.117
175.118, 98.233
176.506, 61.962
177.893, 43.094
179.280, 70.825
180.667, 51.938
182.054, 5.628
183.441, 63.468
184.827, 62.956
186.213, 59.004
187.599, 98.940
188.984, 11.771
190.369, 68.513
191.755, 46.095
193.139, 84.434
194.524, 87.929
195.908, 40.772
197.292, 89.448
198.676, 86.538
200.060, 77.771
201.443, 65.128
202.826, 66.323
204.209, 51.669
205.592, 61.800
206.975, 35.583
208.357, 25.488
209.739, 30.532
211.121, 18.446
212.502, 35.572
213.883, 74.190
215.264, 53.697
216.645, 52.496
218.026, 24.447
219.406, 35.367
220.786, 20.506
222.166, 22.553
223.546, 49.629
224.925, 206.655
226.304, 380.829
227.683, 921.579
229.062, 784.407
230.440, 771.318
231.818, 675.893
233.196, 381.511
234.574, 223.822
235.952, 106.110
237.329, 185.891
238.706, 156.721
240.083, 230.328
241.459, 298.798
242.836, 493.247
244.212, 562.237
245.587, 465.202
246.963, 445.819
248.338, 252.372
249.714, 269.650
251.089, 163.702
252.463, 218.074
253.838, 168.630
255.212, 156.319
256.586, 179.865
257.960, 128.166
259.333, 168.384
260.706, 180.450
262.079, 234.160
263.452, 235.526
264.825, 228.185
266.197, 258.421
267.569, 246.946
268.941, 226.152
270.313, 236.554
271.684, 215.042
273.055, 190.121
274.426, 139.023
275.797, 174.772
277.167, 137.092
278.538, 136.428
279.908, 241.385
281.277, 178.052
282.647, 260.651
284.016, 143.446
285.385, 260.757
286.754, 243.600
288.123, 230.802
289.491, 271.731
290.859, 240.600
292.227, 303.118
293.595, 237.197
294.962, 329.106
296.329, 294.903
297.696, 319.633
299.063, 467.521
300.430, 516.404
301.796, 824.057
303.162, 1134.068
304.528, 2041.437
305.893, 3178.211
307.259, 3108.020
308.624, 2609.342
309.989, 1508.277
311.353, 982.579
312.718, 694.997
314.082, 526.970
315.446, 443.625
316.810, 342.657
318.173, 383.787
319.536, 328.559
320.899, 308.105
322.262, 363.992
323.625, 277.751
324.987, 386.040
326.349, 392.664
327.711, 490.487
329.073, 664.029
330.434, 842.664
331.795, 1050.702
333.156, 793.005
334.517, 664.150
335.877, 569.927
337.238, 517.287
338.598, 619.146
339.957, 581.021
341.317, 867.340
342.676, 893.866
344.035, 754.880
345.394, 602.075
346.753, 419.998
348.111, 390.409
349.469, 238.744
350.827, 272.042
352.185, 221.311
353.543, 156.745
354.900, 147.886
356.257, 151.213
357.614, 187.382
358.970, 126.992
360.327, 170.875
361.683, 162.209
363.039, 188.732
364.394, 161.132
365.750, 145.354
367.105, 168.249
368.460, 233.465
369.814, 173.492
371.169, 190.495
372.523, 137.570
373.877, 205.042
375.231, 96.723
376.585, 167.070
377.938, 169.355
379.291, 115.938
380.644, 149.142
381.997, 119.864
383.349, 192.754
384.701, 145.981
386.053, 157.178
387.405, 149.765
388.756, 118.705
390.108, 180.479
391.459, 149.423
392.810, 187.099
394.160, 162.734
395.511, 182.977
396.861, 191.089
398.211, 170.088
399.560, 215.425
400.910, 148.918
402.259, 139.302
403.608, 151.755
404.957, 126.929
406.305, 116.240
407.654, 158.572
409.002, 162.109
410.349, 161.221
411.697, 125.299
413.045, 206.823
414.392, 133.033
415.739, 225.337
417.085, 154.652
418.432, 288.837
419.778, 352.873
421.124, 421.646
422.470, 635.555
423.816, 712.258
425.161, 684.029
426.506, 696.164
427.851, 500.979
429.196, 500.150
430.540, 364.756
431.884, 329.883
433.228, 363.907
434.572, 399.857
435.916, 617.973
437.259, 685.924
438.602, 980.151
439.945, 1094.053
441.287, 1177.366
442.630, 1262.503
443.972, 958.739
445.314, 851.150
446.656, 590.545
447.997, 454.925
449.338, 427.289
450.679, 286.629
452.020, 289.949
453.361, 170.258
454.701, 215.549
456.041, 181.823
457.381, 140.078
458.721, 183.319
460.060, 120.548
461.400, 176.774
462.739, 106.997
464.077, 69.206
465.416, 89.375
466.754, 112.453
468.092, 183.639
469.430, 107.568
470.768, 117.731
472.105, 139.887
473.443, 69.041
474.780, 109.187
476.116, 99.321
477.453, 109.450
478.789, 126.564
480.125, 61.664
481.461, 172.745
482.797, 68.816
484.132, 123.883
485.467, 88.937
486.802, 17.989
488.137, 174.027
489.471, 67.062
490.806, 133.095
492.140, 65.129
493.474, 151.160
494.807, 86.978
496.141, 83.972
497.474, 113.743
498.807, 86.225
500.139, 90.672
501.472, 93.138
502.804, 52.777
504.136, 81.984
505.468, 35.724
506.800, 91.282
508.131, 117.974
509.462, 74.548
510.793, 102.044
512.124, 40.031
513.454, 79.947
514.784, 133.588
516.114, 90.305
517.444, 170.765
518.774, 62.528
520.103, 174.773
521.432, 119.399
522.761, 40.961
524.090, 108.643
525.418, 74.212
526.747, 141.909
528.075, 116.538
529.402, 77.949
530.730, 55.886
532.057, 34.449
533.384, 135.912
534.711, 67.353
536.038, 190.875
537.364, 184.747
538.691, 78.305
540.017, 238.256
541.343, 196.635
542.668, 259.831
543.993, 376.824
545.319, 504.228
546.643, 775.675
547.968, 713.315
549.293, 790.554
550.617, 567.211
551.941, 442.000
553.265, 340.488
554.588, 207.182
555.911, 274.440
557.235, 151.199
558.557, 152.442
559.880, 194.118
561.203, 179.096
562.525, 221.059
563.847, 114.491
565.169, 154.370
566.490, 214.000
567.812, 86.980
569.133, 218.515
570.454, 192.244
571.774, 186.836
573.095, 228.656
574.415, 215.175
575.735, 336.681
577.055, 206.845
578.374, 382.332
579.694, 412.896
581.013, 471.609
582.332, 690.073
583.650, 758.607
584.969, 1115.056
586.287, 1401.497
587.605, 1723.008
588.923, 1775.719
590.241, 1833.857
591.558, 1677.262
592.875, 1395.658
594.192, 1056.070
595.509, 983.449
596.825, 829.812
598.142, 900.172
599.458, 807.523
600.773, 838.737
602.089, 999.072
603.404, 1019.189
604.720, 1341.506
606.034, 1539.554
607.349, 2015.423
608.664, 2645.383
609.978, 2890.448
611.292, 3567.724
612.606, 3270.761
613.920, 2926.843
615.233, 2636.025
616.546, 1813.875
617.859, 1608.907
619.172, 1204.892
620.484, 1036.920
621.797, 829.025
623.109, 626.825
624.421, 622.021
625.732, 531.850
627.044, 508.931
628.355, 508.846
629.666, 360.430
630.977, 468.587
632.287, 215.393
633.598, 308.503
634.908, 281.295
636.218, 124.422
637.527, 267.310
638.837, 102.181
640.146, 163.189
641.455, 160.069
642.764, 132.969
644.073, 166.879
645.381, 157.601
646.689, 227.683
647.997, 217.324
649.305, 199.222
650.612, 232.243
651.920, 141.060
653.227, 138.005
654.533, 212.658
655.840, 87.494
657.146, 84.528
658.453, 65.409
659.759, 99.433
661.064, 64.181
662.370, 42.195
663.675, 74.203
664.980, 6.152
666.285, 26.803
667.590, 7.404
668.894, 34.423
670.199, 89.542
671.503, 55.667
672.806, 18.002
674.110, 5.569
675.413, 74.500
676.717, 18.192
678.020, 92.907
679.322, 18.967
680.625, 11.323
681.927, 29.464
683.229, 8.382
684.531, 51.776
685.833, 30.047
687.134, 87.135
688.435, 93.340
689.736, 41.429
691.037, 101.807
692.337, 12.068
693.638, 17.662
694.938, 52.613
696.238, 26.096
697.538, 90.199
698.837, 45.480
700.136, 13.156
701.435, 68.174
702.734, 13.523
704.033, 78.880
705.331, 10.261
706.629, 11.350
707.927, 61.043
709.225, 56.448
710.523, 3.968
711.820, 10.608
713.117, 10.820
714.414, 21.745
715.710, 22.306
717.007, 73.138
718.303, 44.399
719.599, 2.931
720.895, 55.541
722.191, 67.971
723.486, 2.479
724.781, 62.983
726.076, 66.484
727.371, 0.981
728.665, 72.474
729.960, 10.964
731.254, 77.451
732.548, 85.935
733.841, 5.416
735.135, 143.894
736.428, 39.369
737.721, 85.842
739.014, 139.312
740.306, 54.780
741.599, 101.247
742.891, 82.711
744.183, 172.175
745.474, 141.636
746.766, 91.097
748.057, 207.559
749.348, 63.020
750.639, 159.480
751.930, 171.940
753.220, 111.399
754.511, 232.858
755.801, 111.315
757.090, 155.774
758.380, 246.233
759.669, 56.691
760.958, 179.150
762.247, 194.609
763.536, 190.068
764.825, 249.527
766.113, 95.987
767.401, 347.447
768.689, 222.908
769.977, 243.372
771.264, 328.836
772.551, 228.301
773.838, 355.766
775.125, 334.233
776.412, 248.700
777.698, 380.167
778.984, 271.638
780.270, 372.108
781.556, 340.580
782.842, 329.053
784.127, 381.528
785.412, 294.005
786.697, 418.482
787.982, 403.963
789.266, 357.446
790.550, 491.930
791.834, 473.416
793.118, 593.903
794.402, 644.393
795.685, 569.885
796.968, 667.379
798.251, 694.875
799.534, 756.373
800.817, 860.873
802.099, 725.313
803.381, 956.820
804.663, 952.948
805.945, 1135.334
807.226, 1181.451
808.508, 1159.978
809.789, 1569.501
811.070, 1580.549
812.350, 1938.931
813.631, 2356.262
814.911, 2446.897
816.191, 3233.303
817.471, 3538.532
818.750, 4456.955
820.030, 5899.078
821.309, 6940.809
822.588, 10233.206
823.867, 13324.435
825.145, 17466.951
826.423, 22727.379
827.702, 22087.672
828.980, 21900.260
830.257, 18060.377
831.535, 13292.562
832.812, 10905.068
834.089, 8056.364
835.366, 6688.927
836.643, 5649.371
837.919, 4571.991
839.195, 4514.521
840.471, 3857.514
841.747, 4013.752
843.023, 4094.521
844.298, 3948.841
845.573, 4743.411
846.848, 4774.633
848.123, 5617.300
849.397, 6869.770
850.672, 7752.378
851.946, 10624.759
853.220, 12617.438
854.493, 17530.133
855.767, 24501.168
857.040, 30963.879
858.313, 43016.516
859.586, 46258.004
860.859, 43070.734
862.131, 37953.398
863.404, 26506.145
864.676, 20468.900
865.947, 15061.589
867.219, 10944.364
868.490, 9167.139
869.762, 6859.933
871.033, 6022.734
872.303, 5215.518
873.574, 4418.335
874.844, 4341.163
876.114, 3907.005
877.384, 3983.857
878.654, 4289.765
879.924, 4482.635
881.193, 5705.513
882.462, 6878.399
883.731, 8421.298
884.999, 9674.328
886.268, 8107.243
887.536, 6820.167
888.804, 4933.100
890.072, 3462.043
891.340, 2852.995
892.607, 1966.956
893.874, 1724.924
895.141, 1536.024
896.408, 1115.011
897.675, 1109.006
898.941, 892.010
900.207, 967.022
901.473, 861.044
902.739, 569.074
904.005, 822.113
905.270, 578.311
906.535, 542.367
907.800, 669.432
909.065, 367.507
910.329, 521.591
911.594, 499.684
912.858, 363.787
914.122, 503.898
915.385, 308.078
916.649, 411.209
917.912, 354.350
919.175, 332.500
920.438, 490.659
921.701, 382.860
922.963, 384.041
924.225, 360.231
925.487, 329.431
926.749, 332.641
928.011, 306.859
929.272, 225.089
930.533, 413.327
931.794, 321.575
933.055, 325.837
934.316, 263.109
935.576, 290.392
936.836, 397.685
938.096, 350.443
939.356, 394.756
940.616, 374.079
941.875, 343.414
943.134, 483.760
944.393, 429.979
945.652, 533.354
946.910, 576.738
948.168, 534.140
949.427, 607.553
950.684, 734.978
951.942, 742.098
953.200, 1015.552
954.457, 1019.027
955.714, 1367.512
956.971, 1486.137
958.228, 1594.649
959.484, 2057.172
960.740, 2331.063
961.996, 3047.612
963.252, 3756.182
964.508, 4539.892
965.763, 6453.492
967.018, 7557.114
968.273, 8340.747
969.528, 8584.391
970.783, 6568.051
972.037, 5571.813
973.291, 4005.504
974.545, 2799.203
975.799, 2334.913
977.053, 1546.640
978.306, 1284.378
979.559, 994.135
980.812, 774.903
982.065, 691.681
983.318, 559.476
984.570, 421.280
985.822, 391.094
987.074, 285.918
988.326, 305.752
989.577, 260.596
990.829, 250.450
992.080, 205.319
993.331, 203.198
994.581, 182.087
995.832, 248.991
997.082, 86.904
998.332, 176.825
999.582, 230.755
1000.832, 125.484
1002.081, 265.433
1003.331, 227.339
1004.580, 305.304
1005.829, 311.277
1007.077, 157.259
1008.326, 235.249
1009.574, 111.845
1010.822, 49.983
1012.070, 54.502
1013.318, 6.322
1014.565, 123.731
1015.812, 29.768
1017.059, 36.865
1018.306, 172.655
1019.553, 16.287
1020.799, 155.979
1022.045, 134.052
1023.291, 152.632
1024.537, 221.733
1025.783, 75.923
1027.028, 115.032
1028.273, 92.149
1029.518, 15.659
1030.763, 110.476
1032.008, 140.618
1033.252, 42.819
1034.496, 107.997
1035.740, 21.159
1036.984, 141.328
1038.228, 6.507
1039.471, 18.302
1040.714, 127.897
1041.957, 145.104
1043.200, 23.329
1044.443, 112.651
1045.685, 28.918
1046.927, 66.199
1048.169, 51.503
1049.411, 8.178
1050.653, 169.158
1051.894, 83.500
1053.135, 82.848
1054.376, 37.348
1055.617, 3.245
1056.857, 99.338
1058.098, 32.713
1059.338, 56.095
1060.578, 100.480
1061.818, 56.886
1063.057, 35.282
1064.296, 84.687
1065.536, 46.097
1066.775, 52.404
1068.013, 25.812
1069.252, 40.314
1070.490, 36.838
1071.728, 39.724
1072.966, 36.714
1074.204, 91.159
1075.442, 83.726
1076.679, 85.218
1077.916, 56.934
1079.153, 86.527
1080.390, 136.028
1081.626, 123.549
1082.862, 114.242
1084.099, 104.781
1085.334, 46.725
1086.570, 83.763
1087.806, 51.254
1089.041, 91.749
1090.276, 13.654
1091.511, 14.857
1092.746, 36.367
1093.980, 28.118
1095.215, 56.395
1096.449, 60.910
1097.683, 12.575
1098.916, 97.939
1100.150, 33.454
1101.383, 13.969
1102.616, 128.485
1103.849, 150.001
1105.082, 9.484
1106.314, 13.030
1107.547, 70.542
1108.779, 104.055
1110.011, 69.566
1111.243, 120.079
1112.474, 87.590
1113.705, 87.100
1114.936, 108.609
1116.167, 95.117
1117.398, 44.623
1118.629, 111.127
1119.859, 2.628
1121.089, 7.128
1122.319, 143.625
1123.549, 218.120
1124.778, 197.612
1126.008, 123.102
1127.237, 9.588
1128.466, 114.087
1129.694, 42.566
1130.923, 112.041
1132.151, 75.513
1133.379, 36.019
1134.607, 80.437
1135.835, 42.113
1137.062, 34.325
1138.290, 27.760
1139.517, 56.190
1140.744, 51.617
1141.971, 24.962
1143.197, 47.552
1144.423, 20.158
1145.650, 2.774
1146.875, 14.555
1148.101, 58.926
1149.327, 10.304
1150.552, 28.336
1151.777, 35.011
1153.002, 3.267
1154.227, 42.066
1155.451, 16.513
1156.676, 24.803
1157.900, 8.144
1159.124, 1.989
1160.348, 41.651
1161.571, 18.631
1162.795, 24.526
1164.018, 19.546
1165.241, 24.185
1166.463, 31.621
1167.686, 58.869
1168.908, 57.437
1170.131, 75.336
1171.353, 59.749
1172.574, 99.755
1173.796, 84.306
1175.017, 79.257
1176.239, 30.450
1177.460, 126.306
1178.680, 56.079
1179.901, 122.072
1181.121, 80.288
1182.341, 121.177
1183.561, 112.361
1184.781, 115.842
1186.001, 35.063
1187.220, 57.434
1188.440, 21.851
1189.659, 139.204
1190.877, 85.420
1192.096, 102.460
1193.314, 67.488
1194.533, 80.167
1195.751, 83.005
1196.969, 64.617
1198.186, 7.576
1199.404, 46.543
1200.621, 59.997
1201.838, 57.404
1203.055, 114.469
1204.271, 91.151
1205.488, 84.920
1206.704, 56.177
1207.920, 74.592
1209.136, 63.833
1210.352, 40.747
1211.567, 80.154
1212.783, 77.230
1213.998, 113.700
1215.213, 78.958
1216.427, 152.362
1217.642, 127.423
1218.856, 117.521
1220.070, 221.646
1221.284, 73.739
1222.498, 94.685
1223.711, 199.344
1224.925, 220.093
1226.138, 156.643
1227.351, 132.434
1228.563, 135.236
1229.776, 172.695
1230.988, 157.402
1232.200, 207.226
1233.412, 153.870
1234.624, 146.599
1235.836, 205.095
1237.047, 268.481
1238.258, 286.967
1239.469, 317.584
1240.680, 199.044
1241.891, 243.191
1243.101, 189.585
1244.311, 204.993
1245.521, 261.638
1246.731, 181.980
1247.941, 286.558
1249.150, 263.866
1250.359, 198.175
1251.568, 253.686
1252.777, 186.941
1253.986, 160.179
1255.194, 177.627
1256.403, 171.829
1257.611, 202.012
1258.819, 185.118
1260.026, 128.325
1261.234, 169.517
1262.441, 142.630
1263.648, 154.755
1264.855, 171.291
1266.062, 144.102
1267.268, 187.210
1268.475, 176.706
1269.681, 157.710
1270.887, 254.748
1272.092, 193.717
1273.298, 228.074
1274.503, 306.959
1275.708, 195.382
1276.913, 200.143
1278.118, 220.018
1279.323, 120.903
1280.527, 131.072
1281.731, 244.177
1282.935, 32.004
1284.139, 232.648
1285.343, 105.442
1286.546, 149.712
1287.749, 119.475
1288.952, 21.913
1290.155, 45.737
1291.358, 18.337
1292.560, 21.837
1293.762, 58.230
1294.965, 83.162
1296.166, 90.629
1297.368, 155.088
1298.570, 76.544
1299.771, 15.979
1300.972, 6.469
1302.173, 4.909
1303.374, 57.260
1304.574, 73.414
1305.774, 41.133
1306.975, 155.973
1308.174, 23.785
1309.374, 119.629
1310.574, 43.513
1311.773, 75.446
1312.972, 120.584
1314.171, 54.590
1315.370, 2.425
1316.569, 73.389
1317.767, 54.282
1318.965, 71.982
1320.163, 98.874
1321.361, 151.739
1322.559, 186.583
1323.756, 24.391
1324.954, 12.189
1326.151, 55.962
1327.347, 116.712
1328.544, 99.694
1329.741, 39.264
1330.937, 42.869
1332.133, 3.564
1333.329, 84.069
1334.525, 9.680
1335.720, 53.264
1336.916, 34.707
1338.111, 44.792
1339.306, 102.331
1340.500, 26.187
1341.695, 75.236
1342.889, 17.618
1344.084, 15.192
1345.278, 25.129
1346.471, 19.696
1347.665, 17.158
1348.858, 49.108
1350.052, 14.611
1351.245, 14.455
1352.438, 32.533
1353.630, 2.031
1354.823, 75.146
1356.015, 95.303
1357.207, 89.440
1358.399, 181.557
1359.591, 102.653
1360.782, 73.730
1361.973, 108.786
1363.165, 86.820
1364.356, 162.835
1365.546, 193.830
1366.737, 127.807
1367.927, 95.764
1369.117, 125.700
1370.307, 17.617
1371.497, 146.512
1372.687, 125.405
1373.876, 70.262
1375.066, 153.102
1376.255, 76.922
1377.443, 131.725
1378.632, 126.510
1379.821, 79.590
1381.009, 136.340
1382.197, 251.074
1383.385, 80.791
1384.573, 232.493
1385.760, 175.179
1386.947, 130.850
1388.135, 263.489
1389.322, 115.131
1390.508, 148.140
1391.695, 121.731
1392.881, 163.308
1394.068, 197.450
1395.254, 123.938
1396.439, 38.498
1397.625, 167.915
1398.810, 114.572
1399.996, 248.229
1401.181, 202.869
1402.366, 110.498
1403.550, 139.088
1404.735, 167.667
1405.919, 176.691
1407.103, 239.122
1408.287, 218.155
1409.471, 204.239
1410.655, 220.957
1411.838, 118.920
1413.021, 168.013
1414.204, 254.157
1415.387, 118.977
1416.570, 228.706
1417.752, 156.502
1418.934, 151.562
1420.116, 112.085
1421.298, 51.191
1422.480, 148.256
1423.661, 103.527
1424.843, 170.331
1426.024, 199.203
1427.205, 183.355
1428.385, 76.188
1429.566, 168.718
1430.746, 172.854
1431.926, 243.171
1433.106, 199.621
1434.286, 224.396
1435.466, 203.762
1436.645, 307.192
1437.824, 358.367
1439.004, 304.555
1440.182, 405.113
1441.361, 331.578
1442.540, 436.372
1443.718, 451.796
1444.896, 461.314
1446.074, 574.314
1447.252, 574.972
1448.429, 524.648
1449.606, 590.483
1450.784, 457.854
1451.961, 621.232
1453.137, 654.555
1454.314, 549.284
1455.490, 643.565
1456.667, 716.219
1457.843, 600.718
1459.019, 701.231
1460.194, 651.759
1461.370, 506.277
1462.545, 729.600
1463.720, 468.968
1464.895, 486.086
1466.070, 483.275
1467.244, 473.612
1468.419, 517.665
1469.593, 429.562
1470.767, 385.435
1471.941, 501.489
1473.114, 351.733
1474.288, 399.332
1475.461, 468.468
1476.634, 362.634
1477.807, 413.403
1478.980, 451.545
1480.152, 336.747
1481.325, 398.014
1482.497, 320.324
1483.669, 278.698
1484.840, 442.059
1486.012, 354.401
1487.183, 201.733
1488.355, 361.060
1489.526, 296.383
1490.696, 344.691
1491.867, 220.984
1493.038, 203.259
1494.208, 265.556
1495.378, 222.852
1496.548, 117.175
1497.718, 244.538
1498.887, 57.939
1500.056, 178.373
1501.226, 160.847
1502.395, 144.370
1503.563, 184.925
1504.732, 199.504
1505.900, 190.898
1507.069, 162.736
1508.237, 205.403
1509.405, 143.120
1510.572, 199.895
1511.740, 114.737
1512.907, 73.479
1514.074, 136.451
1515.241, 209.502
1516.408, 0.173
1517.574, 137.737
1518.741, 86.174
1519.907, 6.631
1521.073, 230.311
1522.239, 32.034
1523.405, 1.922
1524.570, 0.000
##END=



