##NAMES=Hydroxylbastnasite-(Ce)
##RRUFFID=R060283
##IDEAL CHEMISTRY=CeCO_3_(OH)
##LOCALITY=Trimouns, Luzenac, France
##OWNER=RRUFF
##SOURCE=Herb Obodda
##DESCRIPTION=Brown hexagonal tablet
##STATUS=The identification of this mineral has been confirmed by X-ray diffraction and chemical analysis
##URL=rruff.info/R060283
##MEASURED CHEMISTRY=(Ce_0.50_Nd_0.24_(La,Pr)_0.23_Y_0.03_)_Σ=1_CO_3_((OH)_0.65_F_0.35_)_Σ=1_
##PIN_ID=M00330
##ORIENTATION=Laser parallel to a* (1 0 0). Fiducial mark perpendicular to laser is parallel to c [0 0 1]
41.83100, 0.0000000E+00
43.08100, 0.2954410
44.32900, 1.877899
45.57800, 30.09595
46.82700, 46.47638
48.07500, 71.49774
49.32300, 78.43002
50.57100, 109.2884
51.81900, 133.8406
53.06700, 145.5233
54.31400, 175.4861
55.56200, 206.7599
56.80900, 260.4772
58.05600, 302.2866
59.30200, 324.0586
60.54900, 306.1207
61.79500, 349.0794
63.04200, 344.9802
64.28800, 375.3840
65.53300, 442.7412
66.77900, 508.1057
68.02500, 594.6525
69.27000, 688.1755
70.51500, 746.4219
71.76000, 750.8841
73.00500, 706.4824
74.24900, 633.5931
75.49400, 586.5333
76.73800, 534.3088
77.98200, 471.9248
79.22600, 411.3846
80.46900, 341.6816
81.71300, 292.7984
82.95600, 228.7143
84.19900, 177.4058
85.44200, 126.8485
86.68500, 71.01608
87.92800, 29.88110
89.17000, 29.58020
90.41200, 77.38940
91.65500, 107.5728
92.89600, 146.1656
94.13800, 192.2023
95.38000, 200.6971
96.62100, 225.6470
97.86200, 220.0481
99.10300, 228.8967
100.3440, 209.1900
101.5850, 198.9254
102.8250, 80.10046
104.0650, 0.2863770
105.3050, 137.2363
106.5450, 325.7507
107.7850, 671.8301
109.0250, 991.4749
110.2640, 1408.685
111.5030, 1939.461
112.7420, 2746.802
113.9810, 3673.707
115.2200, 4773.175
116.4580, 5523.183
117.6970, 6147.661
118.9350, 6544.585
120.1730, 6689.929
121.4100, 6565.672
122.6480, 6841.793
123.8850, 6855.269
125.1230, 7090.083
126.3600, 7452.215
127.5960, 7893.658
128.8330, 8342.396
130.0700, 8877.392
131.3060, 9399.631
132.5420, 9854.104
133.7780, 9995.825
135.0140, 10123.80
136.2500, 10207.03
137.4850, 10024.50
138.7200, 10197.18
139.9550, 9784.038
141.1900, 9686.973
142.4250, 9339.941
143.6600, 9184.926
144.8940, 9021.967
146.1280, 8926.134
147.3620, 8929.608
148.5960, 8944.474
149.8300, 9004.725
151.0630, 8937.366
152.2960, 9144.394
153.5300, 9250.811
154.7620, 9311.612
155.9950, 9295.875
157.2280, 8998.379
158.4600, 8983.335
159.6920, 8637.678
160.9250, 8139.400
162.1560, 7821.501
163.3880, 7738.984
164.6200, 7687.841
165.8510, 7688.076
167.0820, 7725.688
168.3130, 7745.670
169.5440, 8103.024
170.7750, 8566.752
172.0050, 8656.848
173.2350, 8826.312
174.4650, 9267.141
175.6950, 9344.336
176.9250, 9494.893
178.1550, 9761.812
179.3840, 9944.088
180.6130, 9857.722
181.8420, 10251.71
183.0710, 10357.05
184.3000, 10838.74
185.5280, 10896.78
186.7570, 11048.17
187.9850, 11585.90
189.2130, 11718.99
190.4400, 11797.02
191.6680, 11866.05
192.8960, 11753.01
194.1230, 11456.95
195.3500, 11386.82
196.5770, 11060.63
197.8030, 10643.35
199.0300, 10446.00
200.2560, 10075.59
201.4830, 9799.104
202.7090, 9234.574
203.9340, 8795.905
205.1600, 8604.141
206.3860, 8029.293
207.6110, 7634.425
208.8360, 7316.471
210.0610, 7035.627
211.2860, 6640.766
212.5100, 6438.890
213.7350, 6370.892
214.9590, 6382.619
216.1830, 6377.981
217.4070, 6601.047
218.6310, 6800.881
219.8540, 7116.596
221.0780, 7382.642
222.3010, 7761.967
223.5240, 8199.685
224.7470, 8631.719
225.9690, 9191.978
227.1920, 9655.458
228.4140, 10165.94
229.6360, 10707.61
230.8580, 11379.10
232.0800, 12035.49
233.3020, 12605.61
234.5230, 13273.18
235.7440, 13912.54
236.9650, 14541.06
238.1860, 15081.06
239.4070, 15718.60
240.6280, 16341.87
241.8480, 16851.21
243.0680, 17642.12
244.2880, 17960.84
245.5080, 18628.24
246.7280, 19179.41
247.9470, 19483.09
249.1660, 19629.68
250.3860, 19740.51
251.6040, 19821.17
252.8230, 19769.73
254.0420, 19750.41
255.2600, 19542.92
256.4790, 19493.68
257.6970, 19317.67
258.9150, 18995.92
260.1320, 18421.41
261.3500, 17963.13
262.5670, 17611.09
263.7840, 17132.28
265.0010, 16988.71
266.2180, 16553.36
267.4350, 16524.24
268.6510, 16051.35
269.8680, 15709.69
271.0840, 15122.24
272.3000, 14944.03
273.5160, 14447.04
274.7310, 13987.26
275.9470, 13605.70
277.1620, 13070.37
278.3770, 12787.25
279.5920, 11993.35
280.8070, 11527.67
282.0210, 11173.20
283.2360, 10703.95
284.4500, 10219.91
285.6640, 9870.082
286.8780, 9291.467
288.0920, 8999.068
289.3050, 8528.878
290.5180, 8207.901
291.7320, 7891.139
292.9450, 7604.586
294.1570, 7434.247
295.3700, 7198.116
296.5830, 7028.190
297.7950, 6954.473
299.0070, 6813.961
300.2190, 6675.650
301.4310, 6853.542
302.6420, 6939.631
303.8540, 7029.922
305.0650, 7047.403
306.2760, 7063.085
307.4870, 7287.955
308.6980, 7491.019
309.9080, 7658.273
311.1190, 7731.712
312.3290, 8013.344
313.5390, 8062.485
314.7490, 8075.152
315.9580, 8245.328
317.1680, 8252.687
318.3770, 8335.224
319.5860, 8496.497
320.7950, 8780.825
322.0040, 8805.887
323.2130, 9032.120
324.4210, 9194.525
325.6290, 9308.097
326.8380, 9370.836
328.0460, 9609.740
329.2530, 9712.811
330.4610, 9938.042
331.6680, 10036.43
332.8760, 10191.37
334.0830, 10338.77
335.2890, 10338.97
336.4960, 10484.28
337.7030, 10484.47
338.9090, 10729.32
340.1150, 10751.33
341.3210, 10925.83
342.5270, 10893.77
343.7330, 10991.15
344.9380, 10873.83
346.1440, 10845.53
347.3490, 10692.53
348.5540, 10642.43
349.7590, 10424.35
350.9630, 10295.83
352.1680, 10064.97
353.3720, 9744.951
354.5760, 9510.254
355.7800, 9070.841
356.9840, 8955.259
358.1870, 8528.194
359.3910, 8524.732
360.5940, 8064.734
361.7970, 7811.352
363.0000, 7614.455
364.2030, 7436.811
365.4050, 7193.498
366.6080, 7021.566
367.8100, 7016.589
369.0120, 6696.604
370.2140, 6570.648
371.4150, 6456.717
372.6170, 6500.775
373.8180, 6301.860
375.0190, 6099.290
376.2200, 6064.167
377.4210, 5930.329
378.6220, 5785.023
379.8220, 5807.367
381.0230, 5465.245
382.2230, 5402.016
383.4230, 5446.994
384.6220, 5436.880
385.8220, 5233.217
387.0220, 5086.665
388.2210, 4966.444
389.4200, 4857.398
390.6190, 4723.696
391.8180, 4722.862
393.0160, 4559.593
394.2150, 4575.531
395.4130, 4391.220
396.6110, 4303.754
397.8090, 4221.686
399.0060, 4078.557
400.2040, 4106.838
401.4010, 3861.229
402.5980, 3854.699
403.7950, 3662.266
404.9920, 3593.927
406.1890, 3371.682
407.3860, 3309.529
408.5820, 3196.465
409.7780, 3171.492
410.9740, 2856.608
412.1700, 2642.811
413.3650, 2524.099
414.5610, 2373.472
415.7560, 2110.929
416.9510, 2061.467
418.1460, 1882.086
419.3410, 1660.787
420.5360, 1507.564
421.7300, 1462.420
422.9240, 1239.351
424.1180, 1267.358
425.3120, 988.4375
426.5060, 997.5898
427.7000, 920.8135
428.8930, 856.1074
430.0860, 730.4702
431.2790, 720.2153
432.4720, 665.3975
433.6650, 658.9600
434.8580, 681.5864
436.0500, 617.2759
437.2420, 689.0273
438.4340, 659.8389
439.6260, 599.7100
440.8180, 545.6392
442.0090, 573.6255
443.2010, 569.6675
444.3920, 541.7646
445.5830, 635.9146
446.7740, 595.1172
447.9640, 525.3711
449.1550, 600.6758
450.3450, 648.0288
451.5350, 577.4302
452.7250, 521.8779
453.9150, 595.3711
455.1050, 580.9092
456.2940, 534.4907
457.4830, 451.1152
458.6720, 526.7803
459.8610, 480.4863
461.0500, 432.2310
462.2390, 516.0142
463.4270, 392.8345
464.6150, 344.6909
465.8040, 279.5820
466.9910, 313.5078
468.1790, 237.4668
469.3670, 185.4570
470.5540, 117.4785
471.7410, 112.5303
472.9280, 54.27148
474.1150, 60.72021
475.3020, 19.14404
476.4890, 34.98926
477.6750, 59.82080
478.8610, 55.64648
480.0470, 58.53369
481.2330, 58.26416
482.4190, 83.06152
483.6040, 188.8687
484.7900, 66.73438
485.9750, 152.6094
487.1600, 150.5317
488.3450, 161.5044
489.5290, 214.5356
490.7140, 223.6519
491.8980, 197.8613
493.0820, 219.1548
494.2660, 205.5449
495.4500, 177.0293
496.6340, 193.5962
497.8170, 225.2583
499.0010, 215.0327
500.1840, 267.9180
501.3670, 236.9434
502.5500, 306.0962
503.7320, 258.4136
504.9150, 276.8750
506.0970, 291.4917
507.2790, 239.2749
508.4610, 239.2002
509.6430, 300.2715
510.8250, 208.5200
512.0060, 219.9048
513.1870, 248.4324
514.3680, 191.1204
515.5490, 236.9424
516.7300, 185.9236
517.9110, 222.0403
519.0910, 204.3137
520.2710, 156.7363
521.4510, 145.2871
522.6310, 131.9622
523.8110, 158.7573
524.9910, 122.6880
526.1700, 132.7380
527.3490, 117.9143
528.5280, 80.21167
529.7070, 97.61353
530.8860, 44.12988
532.0650, 10.73657
533.2430, 52.58032
534.4210, 70.17188
535.5990, 71.07983
536.7770, 84.26562
537.9550, 134.4126
539.1320, 88.53271
540.3100, 134.6123
541.4870, 186.6636
542.6640, 187.6938
543.8410, 217.7026
545.0170, 241.6921
546.1940, 352.6611
547.3700, 350.6099
548.5470, 424.5376
549.7230, 458.4441
550.8980, 489.3291
552.0740, 544.1921
553.2500, 592.0332
554.4250, 625.8513
555.6000, 744.6462
556.7750, 873.4182
557.9500, 809.1665
559.1250, 875.8909
560.2990, 1049.591
561.4730, 1135.266
562.6480, 1139.916
563.8220, 1163.541
564.9950, 1323.139
566.1690, 1412.712
567.3430, 1522.258
568.5160, 1560.778
569.6890, 1631.271
570.8620, 1685.794
572.0350, 1696.174
573.2070, 1752.583
574.3800, 1730.965
575.5520, 1710.318
576.7240, 1859.643
577.8960, 1833.939
579.0680, 1852.205
580.2400, 1905.441
581.4110, 1990.648
582.5830, 1855.826
583.7540, 1825.973
584.9250, 1813.089
586.0950, 1721.175
587.2660, 1681.229
588.4370, 1649.253
589.6070, 1535.246
590.7770, 1631.207
591.9470, 1481.136
593.1170, 1438.033
594.2860, 1344.898
595.4560, 1262.731
596.6250, 1244.532
597.7940, 1154.301
598.9630, 1033.036
600.1320, 998.7388
601.3000, 977.4084
602.4690, 834.0452
603.6370, 798.6484
604.8050, 721.2188
605.9730, 766.7554
607.1410, 707.2588
608.3090, 637.7285
609.4760, 576.1641
610.6430, 527.5664
611.8100, 500.5146
612.9770, 494.3870
614.1440, 476.5693
615.3110, 511.8354
616.4770, 517.6829
617.6430, 513.1902
618.8090, 481.0195
619.9750, 443.8818
621.1410, 450.9951
622.3070, 415.5825
623.4720, 467.1711
624.6370, 468.4131
625.8020, 536.3494
626.9670, 444.0049
628.1320, 459.4846
629.2970, 404.0886
630.4610, 514.5330
631.6250, 417.2070
632.7890, 481.0139
633.9530, 425.3921
635.1170, 422.2488
636.2810, 469.4099
637.4440, 345.4036
638.6070, 404.2468
639.7700, 479.3989
640.9330, 412.1682
642.0960, 488.4768
643.2590, 434.4731
644.4210, 440.9966
645.5830, 423.1836
646.7450, 508.2612
647.9070, 406.1523
649.0690, 504.8091
650.2310, 482.6599
651.3920, 509.6602
652.5530, 544.7817
653.7140, 588.0217
654.8750, 642.9949
656.0360, 673.9556
657.1970, 774.2925
658.3570, 812.3281
659.5170, 889.2319
660.6770, 994.7729
661.8370, 1110.818
662.9970, 1230.479
664.1570, 1199.430
665.3160, 1277.362
666.4750, 1305.570
667.6340, 1306.525
668.7930, 1388.570
669.9520, 1352.477
671.1110, 1477.394
672.2690, 1569.151
673.4270, 1506.220
674.5850, 1625.896
675.7430, 1743.537
676.9010, 1900.571
678.0590, 2049.876
679.2160, 2054.914
680.3730, 2093.134
681.5300, 2390.073
682.6870, 2529.014
683.8440, 2825.993
685.0010, 3176.997
686.1570, 3535.036
687.3130, 3846.111
688.4690, 4193.206
689.6250, 4429.328
690.7810, 4760.464
691.9370, 4818.616
693.0920, 4949.797
694.2470, 4980.990
695.4020, 4842.201
696.5570, 4532.430
697.7120, 4318.670
698.8670, 4090.922
700.0210, 3733.188
701.1750, 3597.465
702.3290, 3378.760
703.4830, 3249.066
704.6370, 3257.384
705.7910, 3095.714
706.9440, 3054.056
708.0970, 2980.408
709.2510, 2860.774
710.4030, 2998.152
711.5560, 2979.541
712.7090, 3090.940
713.8610, 3306.350
715.0140, 3632.771
716.1660, 3991.204
717.3180, 4589.648
718.4690, 5591.104
719.6210, 6554.571
720.7730, 8003.051
721.9240, 9475.543
723.0750, 11090.05
724.2260, 12471.57
725.3770, 13898.09
726.5270, 14637.64
727.6780, 14668.19
728.8280, 14245.76
729.9780, 13108.34
731.1280, 11911.94
732.2780, 10513.55
733.4280, 9165.172
734.5770, 8046.810
735.7260, 7133.461
736.8760, 6426.126
738.0250, 5722.807
739.1730, 5155.773
740.3220, 4746.210
741.4700, 4298.936
742.6190, 3962.677
743.7670, 3763.434
744.9150, 3557.208
746.0630, 3403.999
747.2100, 3251.805
748.3580, 3107.628
749.5050, 2987.468
750.6520, 2849.326
751.7990, 2786.201
752.9460, 2545.097
754.0930, 2534.011
755.2390, 2242.134
756.3860, 2315.096
757.5320, 2160.047
758.6780, 2190.134
759.8240, 2218.392
760.9690, 2306.457
762.1150, 2386.058
763.2600, 2521.876
764.4060, 2599.230
765.5510, 2741.472
766.6950, 2846.215
767.8400, 2933.005
768.9850, 3077.170
770.1290, 3168.346
771.2730, 3299.957
772.4170, 3424.373
773.5610, 3583.011
774.7050, 3649.902
775.8480, 3825.730
776.9920, 3873.668
778.1350, 3978.686
779.2780, 4107.354
780.4210, 4023.935
781.5640, 4161.195
782.7060, 4174.229
783.8490, 4171.698
784.9910, 4320.304
786.1330, 4239.149
787.2750, 4139.696
788.4170, 4142.709
789.5580, 4040.416
790.7000, 4011.933
791.8410, 4044.251
792.9820, 4014.005
794.1230, 3891.172
795.2640, 3745.171
796.4040, 3715.314
797.5450, 3660.343
798.6850, 3582.623
799.8250, 3494.754
800.9650, 3349.355
802.1050, 3311.326
803.2450, 3041.841
804.3840, 2912.917
805.5230, 2931.111
806.6630, 2687.784
807.8020, 2678.943
808.9400, 2569.525
810.0790, 2349.087
811.2170, 2256.551
812.3560, 2131.986
813.4940, 2024.576
814.6320, 1956.565
815.7700, 1833.221
816.9070, 1714.750
818.0450, 1604.397
819.1820, 1525.954
820.3190, 1367.526
821.4560, 1310.008
822.5930, 1184.911
823.7300, 1114.976
824.8670, 1048.876
826.0030, 1041.143
827.1390, 947.9099
828.2750, 911.4285
829.4110, 901.1460
830.5470, 871.6592
831.6820, 970.1482
832.8180, 912.9309
833.9530, 930.8486
835.0880, 1040.359
836.2230, 1023.885
837.3580, 1112.783
838.4920, 1221.141
839.6270, 1197.283
840.7610, 1356.371
841.8950, 1577.422
843.0290, 1596.154
844.1630, 1855.272
845.2960, 2097.352
846.4300, 2330.253
847.5630, 2437.853
848.6960, 2577.458
849.8290, 2693.063
850.9620, 2584.672
852.0940, 2659.309
853.2270, 2544.924
854.3590, 2427.540
855.4910, 2303.160
856.6230, 2204.836
857.7550, 2075.269
858.8870, 1940.115
860.0180, 1821.742
861.1500, 1718.370
862.2810, 1577.000
863.4120, 1490.631
864.5430, 1638.263
865.6730, 1711.896
866.8040, 1953.529
867.9340, 2280.162
869.0640, 2446.796
870.1940, 2505.431
871.3240, 2341.064
872.4540, 2288.697
873.5830, 2050.330
874.7130, 1738.962
875.8420, 1471.592
876.9710, 1216.222
878.1000, 972.9663
879.2290, 774.4189
880.3570, 556.8628
881.4860, 456.5576
882.6140, 315.1863
883.7420, 261.9285
884.8700, 183.1755
885.9980, 160.7400
887.1250, 113.4880
888.2530, 69.04126
889.3800, 107.9919
890.5070, 13.78027
891.6340, 19.02295
892.7610, 60.91699
893.8880, 42.74097
895.0140, 14.91357
896.1400, 121.1284
897.2670, 44.25757
898.3930, 84.61353
899.5180, 55.92310
900.6440, 5.567627
901.7700, 41.90698
902.8950, 40.45874
904.0200, 26.12451
905.1450, 23.61108
906.2700, 43.68896
907.3950, 19.01953
908.5190, 61.74438
909.6440, 43.50928
910.7680, 53.69434
911.8920, 15.88696
913.0160, 18.06738
914.1400, 11.76514
915.2630, 41.61768
916.3870, 45.49316
917.5100, 10.41016
918.6330, 34.66553
919.7560, 30.72607
920.8790, 15.77246
922.0010, 8.197998
923.1240, 25.80542
924.2460, 21.20923
925.3680, 2.740479
926.4900, 57.33447
927.6120, 3.534180
928.7340, 49.62280
929.8550, 4.165283
930.9760, 28.07471
932.0980, 87.35986
933.2190, 9.277100
934.3390, 27.88452
935.4600, 57.53394
936.5810, 61.01831
937.7010, 35.57104
938.8210, 58.18018
939.9410, 57.85791
941.0610, 31.60669
942.1810, 5.412109
943.3010, 10.26221
944.4200, 24.16113
945.5390, 21.11597
946.6580, 51.12622
947.7770, 52.20874
948.8960, 6.637207
950.0150, 35.55859
951.1330, 14.82007
952.2510, 48.13647
953.3690, 23.47681
954.4870, 12.94824
955.6050, 26.43042
956.7230, 63.97632
957.8400, 65.60645
958.9580, 1.681152
960.0750, 35.08154
961.1920, 28.09106
962.3090, 11.22339
963.4250, 23.69238
964.5420, 38.32446
965.6580, 17.30176
966.7740, 10.23242
967.8900, 101.1138
969.0060, 50.96143
970.1220, 51.79224
971.2380, 110.5837
972.3530, 24.34155
973.4680, 86.05493
974.5830, 94.73193
975.6980, 101.3735
976.8130, 145.9792
977.9280, 97.55420
979.0420, 104.0942
980.1560, 127.6016
981.2710, 206.0757
982.3850, 190.5190
983.4980, 214.9309
984.6120, 241.3115
985.7260, 190.6611
986.8390, 212.4155
987.9520, 202.2815
989.0650, 204.5476
990.1780, 190.7805
991.2910, 197.9805
992.4030, 239.1633
993.5160, 260.3135
994.6280, 301.4446
995.7400, 275.5442
996.8520, 297.6233
997.9640, 263.6689
999.0750, 378.6887
1000.187, 335.6782
1001.298, 300.6345
1002.409, 229.5574
1003.520, 249.4807
1004.631, 255.7231
1005.741, 279.1292
1006.852, 328.9182
1007.962, 340.6731
1009.072, 370.3936
1010.182, 319.0791
1011.292, 159.7297
1012.402, 227.3425
1013.511, 157.9355
1014.621, 220.4778
1015.730, 236.9849
1016.839, 210.6208
1017.948, 190.0642
1019.056, 164.4810
1020.165, 210.8689
1021.273, 105.4480
1022.382, 169.8193
1023.490, 137.0945
1024.598, 198.1433
1025.706, 157.3403
1026.813, 139.5359
1027.921, 181.6255
1029.028, 190.4829
1030.135, 161.6531
1031.242, 200.4072
1032.349, 176.4941
1033.456, 216.2598
1034.562, 207.1497
1035.668, 219.5547
1036.775, 255.9304
1037.881, 193.9644
1038.987, 371.1917
1040.092, 314.0879
1041.198, 355.3691
1042.303, 330.9041
1043.408, 405.4934
1044.514, 367.0864
1045.618, 411.5967
1046.723, 426.1431
1047.828, 489.0425
1048.932, 488.0825
1050.037, 561.5107
1051.141, 563.5505
1052.245, 575.9875
1053.349, 685.8813
1054.452, 703.3354
1055.556, 803.8904
1056.659, 851.0952
1057.762, 1022.631
1058.865, 1110.277
1059.968, 1095.323
1061.071, 1283.052
1062.174, 1323.326
1063.276, 1393.833
1064.378, 1573.384
1065.480, 1754.052
1066.582, 1926.308
1067.684, 2240.949
1068.786, 2808.172
1069.887, 3666.952
1070.988, 5198.386
1072.090, 7674.245
1073.191, 12066.83
1074.291, 17605.17
1075.392, 25054.97
1076.493, 33255.27
1077.593, 41514.60
1078.693, 47441.22
1079.793, 51112.66
1080.893, 51883.39
1081.993, 51445.65
1083.092, 49998.99
1084.192, 49890.55
1085.291, 50195.68
1086.390, 50935.11
1087.489, 50795.32
1088.588, 49121.84
1089.686, 45347.84
1090.785, 40780.45
1091.883, 37823.62
1092.981, 35731.54
1094.079, 36333.65
1095.177, 38837.98
1096.275, 41707.91
1097.373, 44768.91
1098.470, 46968.27
1099.567, 45985.46
1100.664, 43644.29
1101.761, 38585.42
1102.858, 32255.47
1103.954, 25698.20
1105.051, 19298.85
1106.147, 13702.26
1107.243, 9527.726
1108.339, 6392.103
1109.435, 4209.197
1110.531, 2868.761
1111.626, 2035.761
1112.722, 1535.543
1113.817, 1115.572
1114.912, 933.5200
1116.007, 779.4302
1117.101, 678.3508
1118.196, 686.5122
1119.290, 536.4619
1120.385, 560.4595
1121.479, 514.0200
1122.573, 395.5999
1123.666, 375.9087
1124.760, 318.9905
1125.853, 370.3125
1126.947, 282.1199
1128.040, 317.6033
1129.133, 380.0078
1130.226, 342.2222
1131.318, 259.3328
1132.411, 266.7822
1133.503, 274.2805
1134.596, 267.1116
1135.688, 290.4985
1136.780, 241.7383
1137.871, 257.1238
1138.963, 260.3357
1140.054, 228.6399
1141.146, 217.7876
1142.237, 288.9138
1143.328, 264.6694
1144.419, 136.2649
1145.509, 256.1128
1146.600, 277.1816
1147.690, 100.9409
1148.780, 209.9084
1149.870, 176.1077
1150.960, 160.9412
1152.050, 86.97607
1153.139, 125.0193
1154.229, 179.6719
1155.318, 166.0564
1156.407, 201.7783
1157.496, 192.1738
1158.585, 124.3872
1159.674, 164.9480
1160.762, 101.5793
1161.850, 123.0742
1162.939, 204.7473
1164.027, 172.8098
1165.114, 177.0305
1166.202, 187.6575
1167.290, 142.3044
1168.377, 126.0359
1169.464, 84.55176
1170.551, 80.24780
1171.638, 74.83911
1172.725, 103.9712
1173.812, 96.62769
1174.898, 118.2759
1175.984, 120.9946
1177.071, 102.5515
1178.157, 129.6326
1179.242, 138.1511
1180.328, 136.7263
1181.414, 49.29224
1182.499, 96.83447
1183.584, 21.41504
1184.669, 41.91772
1185.754, 89.40186
1186.839, 77.87305
1187.924, 82.32764
1189.008, 127.7734
1190.092, 79.20654
1191.177, 61.64160
1192.260, 85.25317
1193.344, 80.67480
1194.428, 48.08374
1195.512, 59.72363
1196.595, 111.9031
1197.678, 60.36865
1198.761, 57.57300
1199.844, 84.96704
1200.927, 46.36792
1202.009, 57.76855
1203.092, 121.1755
1204.174, 53.59106
1205.256, 73.00659
1206.338, 96.41626
1207.420, 95.82300
1208.502, 48.23096
1209.583, 113.6372
1210.665, 15.05298
1211.746, 18.47363
1212.827, 46.88501
1213.908, 46.30103
1214.988, 1.716309
1216.069, 51.13232
1217.149, 100.5393
1218.230, 36.94751
1219.310, 54.35889
1220.390, 0.7844240
1221.470, 16.21729
1222.549, 8.353760
1223.629, 39.07007
1224.708, 40.48608
1225.787, 114.8977
1226.866, 86.13892
1227.945, 51.72754
1229.024, 11.13477
1230.103, 37.53711
1231.181, 67.07227
1232.259, 66.26831
1233.337, 51.60107
1234.415, 5.923340
1235.493, 56.23779
1236.571, 53.54321
1237.648, 76.83960
1238.726, 7.127197
1239.803, 12.40088
1240.880, 0.6635740
1241.957, 8.911377
1243.034, 10.14722
1244.110, 15.36987
1245.187, 16.58081
1246.263, 11.78003
1247.339, 14.03320
1248.415, 10.86963
1249.491, 4.272461
1250.566, 79.40088
1251.642, 43.52002
1252.717, 51.37036
1253.793, 26.69751
1254.868, 43.24512
1255.943, 3.775391
1257.017, 40.21680
1258.092, 59.75610
1259.166, 21.27954
1260.241, 4.339600
1261.315, 29.58496
1262.389, 11.50024
1263.462, 1.593750
1264.536, 25.29907
1265.610, 54.18311
1266.683, 13.05981
1267.756, 48.23120
1268.829, 19.78906
1269.902, 70.64160
1270.975, 54.48755
1272.048, 65.47998
1273.120, 3.839111
1274.192, 6.970215
1275.264, 21.78662
1276.336, 24.40356
1277.408, 21.22778
1278.480, 35.99023
1279.551, 33.23438
1280.623, 17.50244
1281.694, 20.99072
1282.765, 12.56372
1283.836, 3.356201
1284.907, 17.06177
1285.977, 26.76294
1287.048, 33.23975
1288.118, 25.11743
1289.188, 10.81055
1290.258, 9.371094
1291.328, 12.29150
1292.398, 2.704834
1293.467, 37.38379
1294.537, 23.05957
1295.606, 53.73291
1296.675, 25.40454
1297.744, 29.07300
1298.813, 74.56958
1299.882, 8.049561
1300.950, 24.49268
1302.018, 47.07227
1303.086, 54.60840
1304.155, 16.23730
1305.222, 14.87866
1306.290, 76.55347
1307.358, 18.95312
1308.425, 88.63794
1309.492, 13.22876
1310.559, 38.48877
1311.626, 0.9831540
1312.693, 40.95264
1313.760, 14.17432
1314.826, 60.64673
1315.893, 29.07056
1316.959, 34.51318
1318.025, 90.08789
1319.091, 17.51611
1320.157, 5.129395
1321.222, 53.31787
1322.288, 36.74609
1323.353, 26.03833
1324.418, 39.37915
1325.483, 2.079590
1326.548, 20.73633
1327.612, 40.58838
1328.677, 88.02832
1329.741, 130.3066
1330.806, 71.63257
1331.870, 105.1465
1332.934, 55.45532
1333.997, 92.84570
1335.061, 27.33398
1336.124, 82.82031
1337.188, 122.1077
1338.251, 150.6013
1339.314, 150.9739
1340.377, 146.5261
1341.439, 105.0024
1342.502, 99.28394
1343.564, 36.81421
1344.627, 4.116943
1345.689, 59.58984
1346.751, 50.83472
1347.813, 113.1533
1348.874, 51.67822
1349.936, 61.78076
1350.997, 128.7520
1352.058, 123.0120
1353.119, 76.27930
1354.180, 71.73682
1355.241, 104.1929
1356.301, 101.5127
1357.362, 114.7351
1358.422, 127.6255
1359.482, 123.2126
1360.542, 128.6021
1361.602, 118.9333
1362.662, 92.87061
1363.721, 68.22852
1364.781, 153.5784
1365.840, 129.0293
1366.899, 246.0640
1367.958, 195.6001
1369.017, 204.4976
1370.075, 136.0796
1371.134, 183.2341
1372.192, 196.4438
1373.250, 224.6709
1374.308, 233.8655
1375.366, 261.7727
1376.424, 262.0806
1377.481, 271.8352
1378.539, 269.4153
1379.596, 299.7886
1380.653, 311.4351
1381.710, 368.7510
1382.767, 397.9448
1383.824, 512.0640
1384.880, 652.4883
1385.937, 662.9727
1386.993, 851.6284
1388.049, 1102.371
1389.105, 1393.755
1390.161, 1725.074
1391.216, 2155.043
1392.272, 2485.439
1393.327, 2944.967
1394.382, 3469.335
1395.437, 3952.860
1396.492, 4083.277
1397.547, 4354.837
1398.601, 4415.407
1399.656, 4314.984
1400.710, 4281.027
1401.764, 3945.454
1402.818, 3899.958
1403.872, 3573.825
1404.925, 3617.357
1405.979, 3489.555
1407.032, 3582.958
1408.085, 3587.381
1409.139, 3808.979
1410.191, 3615.559
1411.244, 3759.120
1412.297, 3827.499
1413.349, 4093.456
1414.402, 3980.203
1415.454, 4045.937
1416.506, 4070.636
1417.558, 4200.352
1418.609, 4233.104
1419.661, 4304.841
1420.712, 4343.820
1421.764, 4387.773
1422.815, 4392.920
1423.866, 4409.869
1424.916, 4663.849
1425.967, 4737.863
1427.018, 5055.842
1428.068, 5319.602
1429.118, 5444.719
1430.168, 5682.879
1431.218, 5887.053
1432.268, 5944.255
1433.318, 5915.058
1434.367, 5653.438
1435.416, 5476.847
1436.465, 4876.330
1437.514, 4529.848
1438.563, 4008.027
1439.612, 3678.957
1440.661, 3312.421
1441.709, 2873.886
1442.757, 2612.351
1443.805, 2329.622
1444.853, 2080.090
1445.901, 1915.495
1446.949, 1757.102
1447.996, 1624.569
1449.044, 1467.040
1450.091, 1379.513
1451.138, 1324.988
1452.185, 1200.465
1453.232, 1173.950
1454.278, 1202.441
1455.325, 1003.945
1456.371, 1075.453
1457.417, 1024.969
1458.463, 1013.506
1459.509, 951.0557
1460.555, 881.6094
1461.601, 870.1699
1462.646, 831.7646
1463.691, 795.3916
1464.737, 829.0308
1465.782, 797.6768
1466.826, 763.3340
1467.871, 726.0105
1468.916, 746.6995
1469.960, 743.4004
1471.004, 801.1357
1472.048, 861.8926
1473.092, 791.6807
1474.136, 734.5210
1475.180, 794.4143
1476.223, 673.3486
1477.267, 852.3174
1478.310, 726.3049
1479.353, 820.3103
1480.396, 651.3301
1481.439, 641.3640
1482.481, 684.4104
1483.524, 718.4785
1484.566, 694.5737
1485.608, 635.7124
1486.650, 585.9229
1487.692, 544.1589
1488.734, 583.4131
1489.775, 532.6829
1490.817, 493.9670
1491.858, 486.2673
1492.899, 421.5815
1493.940, 373.9033
1494.981, 325.2329
1496.022, 300.5713
1497.062, 273.1655
1498.103, 279.3101
1499.143, 250.7207
1500.183, 300.1851
1501.223, 315.6455
1502.263, 271.0938
1503.302, 219.5713
1504.342, 261.0869
1505.381, 297.6438
1506.420, 295.2590
1507.459, 317.9172
1508.498, 249.6204
1509.537, 365.3699
1510.576, 391.1685
1511.614, 346.0173
1512.652, 508.9194
1513.691, 453.8760
1514.729, 513.8884
1515.767, 549.9590
1516.804, 536.0898
1517.842, 577.2837
1518.879, 588.5422
1519.917, 533.8657
1520.954, 610.2532
1521.991, 487.7075
1523.028, 542.2307
1524.064, 438.8274
1525.101, 384.4998
1526.137, 294.2480
1527.173, 253.0186
1528.210, 210.5305
1529.245, 212.9866
1530.281, 148.0830
1531.317, 196.2825
1532.352, 167.5916
1533.388, 117.0181
1534.423, 104.5723
1535.458, 106.2617
1536.493, 70.09302
1537.528, 113.0747
1538.562, 49.21582
1539.597, 69.52612
1540.631, 1.6845999E-02
1541.665, 18.69922
1542.700, 37.58813
1543.733, 2.861572
1544.767, 6.948486
1545.801, 5.334473
1546.834, 11.43335
1547.868, 18.78345
1548.901, 10.34644
1549.934, 12.29150
1550.967, 53.65942
1551.999, 9.498535
1553.032, 110.8325
1554.064, 92.79785
1555.097, 115.9614
1556.129, 15.53394
1557.161, 3.923340
1558.193, 21.05127
1559.224, 18.92090
1560.256, 25.75317
1561.287, 49.78906
1562.318, 0.2683110
1563.350, 0.0000000E+00
##END=



